0.100001
0.200003
0.299997
0.399984
0.499971
0.599987
0.700004
0.80002
0.900037
1.00005
1.10007
1.20009
1.3001
1.40012
1.50014
1.60015
1.70017
1.80019
1.9002
2.00022
2.10012
2.20001
2.29991
2.39981
2.49971
2.5996
2.6995
2.7994
2.8993
2.99919
3.09909
3.19899
3.29889
3.39878
3.49868
3.59858
3.69847
3.79837
3.89827
3.99817
4.0983
4.19843
4.29857
4.39871
4.49884
4.59898
4.69911
4.79925
4.89938
4.99952
5.09966
5.19979
5.29993
5.40006
5.5002
5.60034
5.70047
5.80061
5.90074
6.00088
6.10101
6.20115
6.30129
6.40142
6.50156
6.60169
6.70183
6.80196
6.9021
7.00224
7.10237
7.20251
7.30264
7.40278
7.50292
7.60305
7.70319
7.80332
7.90346
8.00359
8.10373
8.20387
8.304
8.40414
8.50427
8.60441
8.70455
8.80468
8.90482
9.00495
9.10509
9.20522
9.30536
9.4055
9.50563
9.60577
9.7059
9.80604
9.90617
10.0063
