0.001
0.002
0.003
0.004
0.005
0.006
0.007
0.00799999
0.00899999
0.00999999
0.011
0.012
0.013
0.014
0.015
0.016
0.017
0.018
0.019
0.02
0.021
0.022
0.023
0.024
0.025
0.026
0.027
0.028
0.029
0.03
0.031
0.032
0.033
0.034
0.035
0.036
0.0370001
0.0380001
0.0390001
0.0400001
0.0410001
0.0420001
0.0430002
0.0440002
0.0450002
0.0460002
0.0470002
0.0480002
0.0490003
0.0500003
0.0510003
0.0520003
0.0530003
0.0540003
0.0550004
0.0560004
0.0570004
0.0580004
0.0590004
0.0600004
0.0610005
0.0620005
0.0630005
0.0640005
0.0650005
0.0660005
0.0670006
0.0680006
0.0690006
0.0700006
0.0710006
0.0720006
0.0730007
0.0740007
0.0750007
0.0760007
0.0770007
0.0780007
0.0790008
0.0800008
0.0810008
0.0820008
0.0830008
0.0840008
0.0850009
0.0860009
0.0870009
0.0880009
0.0890009
0.0900009
0.091001
0.092001
0.093001
0.094001
0.095001
0.0960011
0.0970011
0.0980011
0.0990011
0.100001
0.101001
0.102001
0.103001
0.104001
0.105001
0.106001
0.107001
0.108001
0.109001
0.110001
0.111001
0.112001
0.113001
0.114001
0.115001
0.116001
0.117001
0.118001
0.119001
0.120001
0.121001
0.122001
0.123002
0.124002
0.125002
0.126002
0.127002
0.128002
0.129002
0.130002
0.131002
0.132002
0.133002
0.134002
0.135002
0.136002
0.137002
0.138002
0.139002
0.140002
0.141002
0.142002
0.143002
0.144002
0.145002
0.146002
0.147002
0.148002
0.149002
0.150002
0.151002
0.152002
0.153002
0.154002
0.155002
0.156002
0.157002
0.158002
0.159002
0.160002
0.161002
0.162002
0.163002
0.164002
0.165002
0.166002
0.167002
0.168002
0.169002
0.170002
0.171002
0.172002
0.173002
0.174002
0.175002
0.176002
0.177002
0.178002
0.179002
0.180002
0.181002
0.182002
0.183003
0.184003
0.185003
0.186003
0.187003
0.188003
0.189003
0.190003
0.191003
0.192003
0.193003
0.194003
0.195003
0.196003
0.197003
0.198003
0.199003
0.200003
0.201003
0.202003
0.203003
0.204003
0.205003
0.206003
0.207003
0.208003
0.209003
0.210003
0.211003
0.212003
0.213003
0.214003
0.215003
0.216003
0.217003
0.218003
0.219003
0.220003
0.221003
0.222003
0.223003
0.224003
0.225003
0.226003
0.227003
0.228003
0.229003
0.230003
0.231003
0.232003
0.233003
0.234003
0.235003
0.236003
0.237003
0.238003
0.239003
0.240003
0.241003
0.242004
0.243004
0.244004
0.245004
0.246004
0.247004
0.248004
0.249004
0.250004
0.251004
0.252003
0.253003
0.254003
0.255003
0.256003
0.257003
0.258003
0.259002
0.260002
0.261002
0.262002
0.263002
0.264002
0.265002
0.266002
0.267001
0.268001
0.269001
0.270001
0.271001
0.272001
0.273001
0.274
0.275
0.276
0.277
0.278
0.279
0.28
0.281
0.281999
0.282999
0.283999
0.284999
0.285999
0.286999
0.287999
0.288998
0.289998
0.290998
0.291998
0.292998
0.293998
0.294998
0.295998
0.296997
0.297997
0.298997
0.299997
0.300997
0.301997
0.302997
0.303997
0.304996
0.305996
0.306996
0.307996
0.308996
0.309996
0.310996
0.311995
0.312995
0.313995
0.314995
0.315995
0.316995
0.317995
0.318995
0.319994
0.320994
0.321994
0.322994
0.323994
0.324994
0.325994
0.326993
0.327993
0.328993
0.329993
0.330993
0.331993
0.332993
0.333993
0.334992
0.335992
0.336992
0.337992
0.338992
0.339992
0.340992
0.341991
0.342991
0.343991
0.344991
0.345991
0.346991
0.347991
0.348991
0.34999
0.35099
0.35199
0.35299
0.35399
0.35499
0.35599
0.35699
0.357989
0.358989
0.359989
0.360989
0.361989
0.362989
0.363989
0.364988
0.365988
0.366988
0.367988
0.368988
0.369988
0.370988
0.371988
0.372987
0.373987
0.374987
0.375987
0.376987
0.377987
0.378987
0.379986
0.380986
0.381986
0.382986
0.383986
0.384986
0.385986
0.386986
0.387985
0.388985
0.389985
0.390985
0.391985
0.392985
0.393985
0.394984
0.395984
0.396984
0.397984
0.398984
0.399984
0.400984
0.401984
0.402983
0.403983
0.404983
0.405983
0.406983
0.407983
0.408983
0.409983
0.410982
0.411982
0.412982
0.413982
0.414982
0.415982
0.416982
0.417981
0.418981
0.419981
0.420981
0.421981
0.422981
0.423981
0.424981
0.42598
0.42698
0.42798
0.42898
0.42998
0.43098
0.43198
0.432979
0.433979
0.434979
0.435979
0.436979
0.437979
0.438979
0.439979
0.440978
0.441978
0.442978
0.443978
0.444978
0.445978
0.446978
0.447977
0.448977
0.449977
0.450977
0.451977
0.452977
0.453977
0.454977
0.455976
0.456976
0.457976
0.458976
0.459976
0.460976
0.461976
0.462976
0.463975
0.464975
0.465975
0.466975
0.467975
0.468975
0.469975
0.470974
0.471974
0.472974
0.473974
0.474974
0.475974
0.476974
0.477974
0.478973
0.479973
0.480973
0.481973
0.482973
0.483973
0.484973
0.485972
0.486972
0.487972
0.488972
0.489972
0.490972
0.491972
0.492972
0.493971
0.494971
0.495971
0.496971
0.497971
0.498971
0.499971
0.500971
0.501971
0.502971
0.503971
0.504971
0.505972
0.506972
0.507972
0.508972
0.509972
0.510972
0.511973
0.512973
0.513973
0.514973
0.515973
0.516973
0.517974
0.518974
0.519974
0.520974
0.521974
0.522974
0.523975
0.524975
0.525975
0.526975
0.527975
0.528975
0.529976
0.530976
0.531976
0.532976
0.533976
0.534976
0.535977
0.536977
0.537977
0.538977
0.539977
0.540977
0.541978
0.542978
0.543978
0.544978
0.545978
0.546978
0.547979
0.548979
0.549979
0.550979
0.551979
0.552979
0.55398
0.55498
0.55598
0.55698
0.55798
0.55898
0.559981
0.560981
0.561981
0.562981
0.563981
0.564981
0.565982
0.566982
0.567982
0.568982
0.569982
0.570982
0.571983
0.572983
0.573983
0.574983
0.575983
0.576983
0.577984
0.578984
0.579984
0.580984
0.581984
0.582984
0.583985
0.584985
0.585985
0.586985
0.587985
0.588985
0.589986
0.590986
0.591986
0.592986
0.593986
0.594986
0.595987
0.596987
0.597987
0.598987
0.599987
0.600987
0.601988
0.602988
0.603988
0.604988
0.605988
0.606988
0.607989
0.608989
0.609989
0.610989
0.611989
0.612989
0.61399
0.61499
0.61599
0.61699
0.61799
0.61899
0.619991
0.620991
0.621991
0.622991
0.623991
0.624991
0.625992
0.626992
0.627992
0.628992
0.629992
0.630992
0.631993
0.632993
0.633993
0.634993
0.635993
0.636993
0.637994
0.638994
0.639994
0.640994
0.641994
0.642994
0.643995
0.644995
0.645995
0.646995
0.647995
0.648995
0.649996
0.650996
0.651996
0.652996
0.653996
0.654996
0.655997
0.656997
0.657997
0.658997
0.659997
0.660997
0.661997
0.662998
0.663998
0.664998
0.665998
0.666998
0.667998
0.668999
0.669999
0.670999
0.671999
0.672999
0.673999
0.675
0.676
0.677
0.678
0.679
0.68
0.681001
0.682001
0.683001
0.684001
0.685001
0.686001
0.687002
0.688002
0.689002
0.690002
0.691002
0.692002
0.693003
0.694003
0.695003
0.696003
0.697003
0.698003
0.699004
0.700004
0.701004
0.702004
0.703004
0.704004
0.705005
0.706005
0.707005
0.708005
0.709005
0.710005
0.711006
0.712006
0.713006
0.714006
0.715006
0.716006
0.717007
0.718007
0.719007
0.720007
0.721007
0.722007
0.723008
0.724008
0.725008
0.726008
0.727008
0.728008
0.729009
0.730009
0.731009
0.732009
0.733009
0.734009
0.73501
0.73601
0.73701
0.73801
0.73901
0.74001
0.741011
0.742011
0.743011
0.744011
0.745011
0.746011
0.747012
0.748012
0.749012
0.750012
0.751012
0.752012
0.753013
0.754013
0.755013
0.756013
0.757013
0.758013
0.759014
0.760014
0.761014
0.762014
0.763014
0.764014
0.765015
0.766015
0.767015
0.768015
0.769015
0.770015
0.771016
0.772016
0.773016
0.774016
0.775016
0.776016
0.777017
0.778017
0.779017
0.780017
0.781017
0.782017
0.783018
0.784018
0.785018
0.786018
0.787018
0.788018
0.789019
0.790019
0.791019
0.792019
0.793019
0.794019
0.79502
0.79602
0.79702
0.79802
0.79902
0.80002
0.801021
0.802021
0.803021
0.804021
0.805021
0.806021
0.807022
0.808022
0.809022
0.810022
0.811022
0.812022
0.813023
0.814023
0.815023
0.816023
0.817023
0.818023
0.819024
0.820024
0.821024
0.822024
0.823024
0.824024
0.825025
0.826025
0.827025
0.828025
0.829025
0.830025
0.831026
0.832026
0.833026
0.834026
0.835026
0.836026
0.837027
0.838027
0.839027
0.840027
0.841027
0.842027
0.843028
0.844028
0.845028
0.846028
0.847028
0.848028
0.849029
0.850029
0.851029
0.852029
0.853029
0.854029
0.85503
0.85603
0.85703
0.85803
0.85903
0.86003
0.861031
0.862031
0.863031
0.864031
0.865031
0.866031
0.867032
0.868032
0.869032
0.870032
0.871032
0.872032
0.873033
0.874033
0.875033
0.876033
0.877033
0.878033
0.879034
0.880034
0.881034
0.882034
0.883034
0.884034
0.885035
0.886035
0.887035
0.888035
0.889035
0.890035
0.891035
0.892036
0.893036
0.894036
0.895036
0.896036
0.897036
0.898037
0.899037
0.900037
0.901037
0.902037
0.903037
0.904038
0.905038
0.906038
0.907038
0.908038
0.909038
0.910039
0.911039
0.912039
0.913039
0.914039
0.915039
0.91604
0.91704
0.91804
0.91904
0.92004
0.92104
0.922041
0.923041
0.924041
0.925041
0.926041
0.927041
0.928042
0.929042
0.930042
0.931042
0.932042
0.933042
0.934043
0.935043
0.936043
0.937043
0.938043
0.939043
0.940044
0.941044
0.942044
0.943044
0.944044
0.945044
0.946045
0.947045
0.948045
0.949045
0.950045
0.951045
0.952046
0.953046
0.954046
0.955046
0.956046
0.957046
0.958047
0.959047
0.960047
0.961047
0.962047
0.963047
0.964048
0.965048
0.966048
0.967048
0.968048
0.969048
0.970049
0.971049
0.972049
0.973049
0.974049
0.975049
0.97605
0.97705
0.97805
0.97905
0.98005
0.98105
0.982051
0.983051
0.984051
0.985051
0.986051
0.987051
0.988052
0.989052
0.990052
0.991052
0.992052
0.993052
0.994053
0.995053
0.996053
0.997053
0.998053
0.999053
1.00005
1.00105
1.00205
1.00305
1.00405
1.00505
1.00605
1.00705
1.00805
1.00906
1.01006
1.01106
1.01206
1.01306
1.01406
1.01506
1.01606
1.01706
1.01806
1.01906
1.02006
1.02106
1.02206
1.02306
1.02406
1.02506
1.02606
1.02706
1.02806
1.02906
1.03006
1.03106
1.03206
1.03306
1.03406
1.03506
1.03606
1.03706
1.03806
1.03906
1.04006
1.04106
1.04206
1.04306
1.04406
1.04506
1.04606
1.04706
1.04806
1.04906
1.05006
1.05106
1.05206
1.05306
1.05406
1.05506
1.05606
1.05706
1.05806
1.05906
1.06006
1.06106
1.06206
1.06306
1.06406
1.06506
1.06606
1.06706
1.06806
1.06906
1.07007
1.07107
1.07207
1.07307
1.07407
1.07507
1.07607
1.07707
1.07807
1.07907
1.08007
1.08107
1.08207
1.08307
1.08407
1.08507
1.08607
1.08707
1.08807
1.08907
1.09007
1.09107
1.09207
1.09307
1.09407
1.09507
1.09607
1.09707
1.09807
1.09907
1.10007
1.10107
1.10207
1.10307
1.10407
1.10507
1.10607
1.10707
1.10807
1.10907
1.11007
1.11107
1.11207
1.11307
1.11407
1.11507
1.11607
1.11707
1.11807
1.11907
1.12007
1.12107
1.12207
1.12307
1.12407
1.12507
1.12607
1.12707
1.12807
1.12907
1.13008
1.13108
1.13208
1.13308
1.13408
1.13508
1.13608
1.13708
1.13808
1.13908
1.14008
1.14108
1.14208
1.14308
1.14408
1.14508
1.14608
1.14708
1.14808
1.14908
1.15008
1.15108
1.15208
1.15308
1.15408
1.15508
1.15608
1.15708
1.15808
1.15908
1.16008
1.16108
1.16208
1.16308
1.16408
1.16508
1.16608
1.16708
1.16808
1.16908
1.17008
1.17108
1.17208
1.17308
1.17408
1.17508
1.17608
1.17708
1.17808
1.17908
1.18008
1.18108
1.18208
1.18308
1.18408
1.18508
1.18608
1.18708
1.18808
1.18908
1.19009
1.19109
1.19209
1.19309
1.19409
1.19509
1.19609
1.19709
1.19809
1.19909
1.20009
1.20109
1.20209
1.20309
1.20409
1.20509
1.20609
1.20709
1.20809
1.20909
1.21009
1.21109
1.21209
1.21309
1.21409
1.21509
1.21609
1.21709
1.21809
1.21909
1.22009
1.22109
1.22209
1.22309
1.22409
1.22509
1.22609
1.22709
1.22809
1.22909
1.23009
1.23109
1.23209
1.23309
1.23409
1.23509
1.23609
1.23709
1.23809
1.23909
1.24009
1.24109
1.24209
1.24309
1.24409
1.24509
1.24609
1.24709
1.24809
1.24909
1.2501
1.2511
1.2521
1.2531
1.2541
1.2551
1.2561
1.2571
1.2581
1.2591
1.2601
1.2611
1.2621
1.2631
1.2641
1.2651
1.2661
1.2671
1.2681
1.2691
1.2701
1.2711
1.2721
1.2731
1.2741
1.2751
1.2761
1.2771
1.2781
1.2791
1.2801
1.2811
1.2821
1.2831
1.2841
1.2851
1.2861
1.2871
1.2881
1.2891
1.2901
1.2911
1.2921
1.2931
1.2941
1.2951
1.2961
1.2971
1.2981
1.2991
1.3001
1.3011
1.3021
1.3031
1.3041
1.3051
1.3061
1.3071
1.3081
1.3091
1.3101
1.31111
1.31211
1.31311
1.31411
1.31511
1.31611
1.31711
1.31811
1.31911
1.32011
1.32111
1.32211
1.32311
1.32411
1.32511
1.32611
1.32711
1.32811
1.32911
1.33011
1.33111
1.33211
1.33311
1.33411
1.33511
1.33611
1.33711
1.33811
1.33911
1.34011
1.34111
1.34211
1.34311
1.34411
1.34511
1.34611
1.34711
1.34811
1.34911
1.35011
1.35111
1.35211
1.35311
1.35411
1.35511
1.35611
1.35711
1.35811
1.35911
1.36011
1.36111
1.36211
1.36311
1.36411
1.36511
1.36611
1.36711
1.36811
1.36911
1.37011
1.37112
1.37212
1.37312
1.37412
1.37512
1.37612
1.37712
1.37812
1.37912
1.38012
1.38112
1.38212
1.38312
1.38412
1.38512
1.38612
1.38712
1.38812
1.38912
1.39012
1.39112
1.39212
1.39312
1.39412
1.39512
1.39612
1.39712
1.39812
1.39912
1.40012
1.40112
1.40212
1.40312
1.40412
1.40512
1.40612
1.40712
1.40812
1.40912
1.41012
1.41112
1.41212
1.41312
1.41412
1.41512
1.41612
1.41712
1.41812
1.41912
1.42012
1.42112
1.42212
1.42312
1.42412
1.42512
1.42612
1.42712
1.42812
1.42912
1.43012
1.43113
1.43213
1.43313
1.43413
1.43513
1.43613
1.43713
1.43813
1.43913
1.44013
1.44113
1.44213
1.44313
1.44413
1.44513
1.44613
1.44713
1.44813
1.44913
1.45013
1.45113
1.45213
1.45313
1.45413
1.45513
1.45613
1.45713
1.45813
1.45913
1.46013
1.46113
1.46213
1.46313
1.46413
1.46513
1.46613
1.46713
1.46813
1.46913
1.47013
1.47113
1.47213
1.47313
1.47413
1.47513
1.47613
1.47713
1.47813
1.47913
1.48013
1.48113
1.48213
1.48313
1.48413
1.48513
1.48613
1.48713
1.48813
1.48913
1.49013
1.49114
1.49214
1.49314
1.49414
1.49514
1.49614
1.49714
1.49814
1.49914
1.50014
1.50114
1.50214
1.50314
1.50414
1.50514
1.50614
1.50714
1.50814
1.50914
1.51014
1.51114
1.51214
1.51314
1.51414
1.51514
1.51614
1.51714
1.51814
1.51914
1.52014
1.52114
1.52214
1.52314
1.52414
1.52514
1.52614
1.52714
1.52814
1.52914
1.53014
1.53114
1.53214
1.53314
1.53414
1.53514
1.53614
1.53714
1.53814
1.53914
1.54014
1.54114
1.54214
1.54314
1.54414
1.54514
1.54614
1.54714
1.54814
1.54914
1.55014
1.55114
1.55215
1.55315
1.55415
1.55515
1.55615
1.55715
1.55815
1.55915
1.56015
1.56115
1.56215
1.56315
1.56415
1.56515
1.56615
1.56715
1.56815
1.56915
1.57015
1.57115
1.57215
1.57315
1.57415
1.57515
1.57615
1.57715
1.57815
1.57915
1.58015
1.58115
1.58215
1.58315
1.58415
1.58515
1.58615
1.58715
1.58815
1.58915
1.59015
1.59115
1.59215
1.59315
1.59415
1.59515
1.59615
1.59715
1.59815
1.59915
1.60015
1.60115
1.60215
1.60315
1.60415
1.60515
1.60615
1.60715
1.60815
1.60915
1.61015
1.61115
1.61216
1.61316
1.61416
1.61516
1.61616
1.61716
1.61816
1.61916
1.62016
1.62116
1.62216
1.62316
1.62416
1.62516
1.62616
1.62716
1.62816
1.62916
1.63016
1.63116
1.63216
1.63316
1.63416
1.63516
1.63616
1.63716
1.63816
1.63916
1.64016
1.64116
1.64216
1.64316
1.64416
1.64516
1.64616
1.64716
1.64816
1.64916
1.65016
1.65116
1.65216
1.65316
1.65416
1.65516
1.65616
1.65716
1.65816
1.65916
1.66016
1.66116
1.66216
1.66316
1.66416
1.66516
1.66616
1.66716
1.66816
1.66916
1.67016
1.67116
1.67217
1.67317
1.67417
1.67517
1.67617
1.67717
1.67817
1.67917
1.68017
1.68117
1.68217
1.68317
1.68417
1.68517
1.68617
1.68717
1.68817
1.68917
1.69017
1.69117
1.69217
1.69317
1.69417
1.69517
1.69617
1.69717
1.69817
1.69917
1.70017
1.70117
1.70217
1.70317
1.70417
1.70517
1.70617
1.70717
1.70817
1.70917
1.71017
1.71117
1.71217
1.71317
1.71417
1.71517
1.71617
1.71717
1.71817
1.71917
1.72017
1.72117
1.72217
1.72317
1.72417
1.72517
1.72617
1.72717
1.72817
1.72917
1.73017
1.73117
1.73217
1.73318
1.73418
1.73518
1.73618
1.73718
1.73818
1.73918
1.74018
1.74118
1.74218
1.74318
1.74418
1.74518
1.74618
1.74718
1.74818
1.74918
1.75018
1.75118
1.75218
1.75318
1.75418
1.75518
1.75618
1.75718
1.75818
1.75918
1.76018
1.76118
1.76218
1.76318
1.76418
1.76518
1.76618
1.76718
1.76818
1.76918
1.77018
1.77118
1.77218
1.77318
1.77418
1.77518
1.77618
1.77718
1.77818
1.77918
1.78018
1.78118
1.78218
1.78318
1.78418
1.78518
1.78618
1.78718
1.78818
1.78918
1.79018
1.79118
1.79218
1.79319
1.79419
1.79519
1.79619
1.79719
1.79819
1.79919
1.80019
1.80119
1.80219
1.80319
1.80419
1.80519
1.80619
1.80719
1.80819
1.80919
1.81019
1.81119
1.81219
1.81319
1.81419
1.81519
1.81619
1.81719
1.81819
1.81919
1.82019
1.82119
1.82219
1.82319
1.82419
1.82519
1.82619
1.82719
1.82819
1.82919
1.83019
1.83119
1.83219
1.83319
1.83419
1.83519
1.83619
1.83719
1.83819
1.83919
1.84019
1.84119
1.84219
1.84319
1.84419
1.84519
1.84619
1.84719
1.84819
1.84919
1.85019
1.85119
1.85219
1.8532
1.8542
1.8552
1.8562
1.8572
1.8582
1.8592
1.8602
1.8612
1.8622
1.8632
1.8642
1.8652
1.8662
1.8672
1.8682
1.8692
1.8702
1.8712
1.8722
1.8732
1.8742
1.8752
1.8762
1.8772
1.8782
1.8792
1.8802
1.8812
1.8822
1.8832
1.8842
1.8852
1.8862
1.8872
1.8882
1.8892
1.8902
1.8912
1.8922
1.8932
1.8942
1.8952
1.8962
1.8972
1.8982
1.8992
1.9002
1.9012
1.9022
1.9032
1.9042
1.9052
1.9062
1.9072
1.9082
1.9092
1.9102
1.9112
1.9122
1.91321
1.91421
1.91521
1.91621
1.91721
1.91821
1.91921
1.92021
1.92121
1.92221
1.92321
1.92421
1.92521
1.92621
1.92721
1.92821
1.92921
1.93021
1.93121
1.93221
1.93321
1.93421
1.93521
1.93621
1.93721
1.93821
1.93921
1.94021
1.94121
1.94221
1.94321
1.94421
1.94521
1.94621
1.94721
1.94821
1.94921
1.95021
1.95121
1.95221
1.95321
1.95421
1.95521
1.95621
1.95721
1.95821
1.95921
1.96021
1.96121
1.96221
1.96321
1.96421
1.96521
1.96621
1.96721
1.96821
1.96921
1.97021
1.97121
1.97221
1.97321
1.97422
1.97522
1.97622
1.97722
1.97822
1.97922
1.98022
1.98122
1.98222
1.98322
1.98422
1.98522
1.98622
1.98722
1.98822
1.98922
1.99022
1.99122
1.99222
1.99322
1.99422
1.99522
1.99622
1.99722
1.99822
1.99922
2.00022
2.00122
2.00222
2.00322
2.00422
2.00521
2.00621
2.00721
2.00821
2.00921
2.01021
2.01121
2.01221
2.01321
2.0142
2.0152
2.0162
2.0172
2.0182
2.0192
2.0202
2.0212
2.0222
2.0232
2.02419
2.02519
2.02619
2.02719
2.02819
2.02919
2.03019
2.03119
2.03219
2.03319
2.03418
2.03518
2.03618
2.03718
2.03818
2.03918
2.04018
2.04118
2.04218
2.04317
2.04417
2.04517
2.04617
2.04717
2.04817
2.04917
2.05017
2.05117
2.05217
2.05316
2.05416
2.05516
2.05616
2.05716
2.05816
2.05916
2.06016
2.06116
2.06216
2.06315
2.06415
2.06515
2.06615
2.06715
2.06815
2.06915
2.07015
2.07115
2.07215
2.07314
2.07414
2.07514
2.07614
2.07714
2.07814
2.07914
2.08014
2.08114
2.08213
2.08313
2.08413
2.08513
2.08613
2.08713
2.08813
2.08913
2.09013
2.09113
2.09212
2.09312
2.09412
2.09512
2.09612
2.09712
2.09812
2.09912
2.10012
2.10112
2.10211
2.10311
2.10411
2.10511
2.10611
2.10711
2.10811
2.10911
2.11011
2.11111
2.1121
2.1131
2.1141
2.1151
2.1161
2.1171
2.1181
2.1191
2.1201
2.12109
2.12209
2.12309
2.12409
2.12509
2.12609
2.12709
2.12809
2.12909
2.13009
2.13108
2.13208
2.13308
2.13408
2.13508
2.13608
2.13708
2.13808
2.13908
2.14008
2.14107
2.14207
2.14307
2.14407
2.14507
2.14607
2.14707
2.14807
2.14907
2.15007
2.15106
2.15206
2.15306
2.15406
2.15506
2.15606
2.15706
2.15806
2.15906
2.16005
2.16105
2.16205
2.16305
2.16405
2.16505
2.16605
2.16705
2.16805
2.16905
2.17004
2.17104
2.17204
2.17304
2.17404
2.17504
2.17604
2.17704
2.17804
2.17904
2.18003
2.18103
2.18203
2.18303
2.18403
2.18503
2.18603
2.18703
2.18803
2.18903
2.19002
2.19102
2.19202
2.19302
2.19402
2.19502
2.19602
2.19702
2.19802
2.19901
2.20001
2.20101
2.20201
2.20301
2.20401
2.20501
2.20601
2.20701
2.20801
2.209
2.21
2.211
2.212
2.213
2.214
2.215
2.216
2.217
2.218
2.21899
2.21999
2.22099
2.22199
2.22299
2.22399
2.22499
2.22599
2.22699
2.22799
2.22898
2.22998
2.23098
2.23198
2.23298
2.23398
2.23498
2.23598
2.23698
2.23797
2.23897
2.23997
2.24097
2.24197
2.24297
2.24397
2.24497
2.24597
2.24697
2.24796
2.24896
2.24996
2.25096
2.25196
2.25296
2.25396
2.25496
2.25596
2.25696
2.25795
2.25895
2.25995
2.26095
2.26195
2.26295
2.26395
2.26495
2.26595
2.26695
2.26794
2.26894
2.26994
2.27094
2.27194
2.27294
2.27394
2.27494
2.27594
2.27693
2.27793
2.27893
2.27993
2.28093
2.28193
2.28293
2.28393
2.28493
2.28593
2.28692
2.28792
2.28892
2.28992
2.29092
2.29192
2.29292
2.29392
2.29492
2.29592
2.29691
2.29791
2.29891
2.29991
2.30091
2.30191
2.30291
2.30391
2.30491
2.30591
2.3069
2.3079
2.3089
2.3099
2.3109
2.3119
2.3129
2.3139
2.3149
2.31589
2.31689
2.31789
2.31889
2.31989
2.32089
2.32189
2.32289
2.32389
2.32489
2.32588
2.32688
2.32788
2.32888
2.32988
2.33088
2.33188
2.33288
2.33388
2.33488
2.33587
2.33687
2.33787
2.33887
2.33987
2.34087
2.34187
2.34287
2.34387
2.34487
2.34586
2.34686
2.34786
2.34886
2.34986
2.35086
2.35186
2.35286
2.35386
2.35485
2.35585
2.35685
2.35785
2.35885
2.35985
2.36085
2.36185
2.36285
2.36385
2.36484
2.36584
2.36684
2.36784
2.36884
2.36984
2.37084
2.37184
2.37284
2.37384
2.37483
2.37583
2.37683
2.37783
2.37883
2.37983
2.38083
2.38183
2.38283
2.38383
2.38482
2.38582
2.38682
2.38782
2.38882
2.38982
2.39082
2.39182
2.39282
2.39381
2.39481
2.39581
2.39681
2.39781
2.39881
2.39981
2.40081
2.40181
2.40281
2.4038
2.4048
2.4058
2.4068
2.4078
2.4088
2.4098
2.4108
2.4118
2.4128
2.41379
2.41479
2.41579
2.41679
2.41779
2.41879
2.41979
2.42079
2.42179
2.42279
2.42378
2.42478
2.42578
2.42678
2.42778
2.42878
2.42978
2.43078
2.43178
2.43277
2.43377
2.43477
2.43577
2.43677
2.43777
2.43877
2.43977
2.44077
2.44177
2.44276
2.44376
2.44476
2.44576
2.44676
2.44776
2.44876
2.44976
2.45076
2.45176
2.45275
2.45375
2.45475
2.45575
2.45675
2.45775
2.45875
2.45975
2.46075
2.46175
2.46274
2.46374
2.46474
2.46574
2.46674
2.46774
2.46874
2.46974
2.47074
2.47173
2.47273
2.47373
2.47473
2.47573
2.47673
2.47773
2.47873
2.47973
2.48073
2.48172
2.48272
2.48372
2.48472
2.48572
2.48672
2.48772
2.48872
2.48972
2.49072
2.49171
2.49271
2.49371
2.49471
2.49571
2.49671
2.49771
2.49871
2.49971
2.50071
2.5017
2.5027
2.5037
2.5047
2.5057
2.5067
2.5077
2.5087
2.5097
2.51069
2.51169
2.51269
2.51369
2.51469
2.51569
2.51669
2.51769
2.51869
2.51969
2.52068
2.52168
2.52268
2.52368
2.52468
2.52568
2.52668
2.52768
2.52868
2.52968
2.53067
2.53167
2.53267
2.53367
2.53467
2.53567
2.53667
2.53767
2.53867
2.53966
2.54066
2.54166
2.54266
2.54366
2.54466
2.54566
2.54666
2.54766
2.54866
2.54965
2.55065
2.55165
2.55265
2.55365
2.55465
2.55565
2.55665
2.55765
2.55865
2.55964
2.56064
2.56164
2.56264
2.56364
2.56464
2.56564
2.56664
2.56764
2.56864
2.56963
2.57063
2.57163
2.57263
2.57363
2.57463
2.57563
2.57663
2.57763
2.57862
2.57962
2.58062
2.58162
2.58262
2.58362
2.58462
2.58562
2.58662
2.58762
2.58861
2.58961
2.59061
2.59161
2.59261
2.59361
2.59461
2.59561
2.59661
2.59761
2.5986
2.5996
2.6006
2.6016
2.6026
2.6036
2.6046
2.6056
2.6066
2.6076
2.60859
2.60959
2.61059
2.61159
2.61259
2.61359
2.61459
2.61559
2.61659
2.61758
2.61858
2.61958
2.62058
2.62158
2.62258
2.62358
2.62458
2.62558
2.62658
2.62757
2.62857
2.62957
2.63057
2.63157
2.63257
2.63357
2.63457
2.63557
2.63657
2.63756
2.63856
2.63956
2.64056
2.64156
2.64256
2.64356
2.64456
2.64556
2.64656
2.64755
2.64855
2.64955
2.65055
2.65155
2.65255
2.65355
2.65455
2.65555
2.65654
2.65754
2.65854
2.65954
2.66054
2.66154
2.66254
2.66354
2.66454
2.66554
2.66653
2.66753
2.66853
2.66953
2.67053
2.67153
2.67253
2.67353
2.67453
2.67553
2.67652
2.67752
2.67852
2.67952
2.68052
2.68152
2.68252
2.68352
2.68452
2.68552
2.68651
2.68751
2.68851
2.68951
2.69051
2.69151
2.69251
2.69351
2.69451
2.6955
2.6965
2.6975
2.6985
2.6995
2.7005
2.7015
2.7025
2.7035
2.7045
2.70549
2.70649
2.70749
2.70849
2.70949
2.71049
2.71149
2.71249
2.71349
2.71449
2.71548
2.71648
2.71748
2.71848
2.71948
2.72048
2.72148
2.72248
2.72348
2.72448
2.72547
2.72647
2.72747
2.72847
2.72947
2.73047
2.73147
2.73247
2.73347
2.73446
2.73546
2.73646
2.73746
2.73846
2.73946
2.74046
2.74146
2.74246
2.74346
2.74445
2.74545
2.74645
2.74745
2.74845
2.74945
2.75045
2.75145
2.75245
2.75345
2.75444
2.75544
2.75644
2.75744
2.75844
2.75944
2.76044
2.76144
2.76244
2.76344
2.76443
2.76543
2.76643
2.76743
2.76843
2.76943
2.77043
2.77143
2.77243
2.77342
2.77442
2.77542
2.77642
2.77742
2.77842
2.77942
2.78042
2.78142
2.78242
2.78341
2.78441
2.78541
2.78641
2.78741
2.78841
2.78941
2.79041
2.79141
2.79241
2.7934
2.7944
2.7954
2.7964
2.7974
2.7984
2.7994
2.8004
2.8014
2.8024
2.80339
2.80439
2.80539
2.80639
2.80739
2.80839
2.80939
2.81039
2.81139
2.81238
2.81338
2.81438
2.81538
2.81638
2.81738
2.81838
2.81938
2.82038
2.82138
2.82237
2.82337
2.82437
2.82537
2.82637
2.82737
2.82837
2.82937
2.83037
2.83137
2.83236
2.83336
2.83436
2.83536
2.83636
2.83736
2.83836
2.83936
2.84036
2.84136
2.84235
2.84335
2.84435
2.84535
2.84635
2.84735
2.84835
2.84935
2.85035
2.85134
2.85234
2.85334
2.85434
2.85534
2.85634
2.85734
2.85834
2.85934
2.86034
2.86133
2.86233
2.86333
2.86433
2.86533
2.86633
2.86733
2.86833
2.86933
2.87033
2.87132
2.87232
2.87332
2.87432
2.87532
2.87632
2.87732
2.87832
2.87932
2.88032
2.88131
2.88231
2.88331
2.88431
2.88531
2.88631
2.88731
2.88831
2.88931
2.8903
2.8913
2.8923
2.8933
2.8943
2.8953
2.8963
2.8973
2.8983
2.8993
2.90029
2.90129
2.90229
2.90329
2.90429
2.90529
2.90629
2.90729
2.90829
2.90929
2.91028
2.91128
2.91228
2.91328
2.91428
2.91528
2.91628
2.91728
2.91828
2.91928
2.92027
2.92127
2.92227
2.92327
2.92427
2.92527
2.92627
2.92727
2.92827
2.92926
2.93026
2.93126
2.93226
2.93326
2.93426
2.93526
2.93626
2.93726
2.93826
2.93925
2.94025
2.94125
2.94225
2.94325
2.94425
2.94525
2.94625
2.94725
2.94825
2.94924
2.95024
2.95124
2.95224
2.95324
2.95424
2.95524
2.95624
2.95724
2.95824
2.95923
2.96023
2.96123
2.96223
2.96323
2.96423
2.96523
2.96623
2.96723
2.96822
2.96922
2.97022
2.97122
2.97222
2.97322
2.97422
2.97522
2.97622
2.97722
2.97821
2.97921
2.98021
2.98121
2.98221
2.98321
2.98421
2.98521
2.98621
2.98721
2.9882
2.9892
2.9902
2.9912
2.9922
2.9932
2.9942
2.9952
2.9962
2.9972
2.99819
2.99919
3.00019
3.00119
3.00219
3.00319
3.00419
3.00519
3.00619
3.00718
3.00818
3.00918
3.01018
3.01118
3.01218
3.01318
3.01418
3.01518
3.01618
3.01717
3.01817
3.01917
3.02017
3.02117
3.02217
3.02317
3.02417
3.02517
3.02617
3.02716
3.02816
3.02916
3.03016
3.03116
3.03216
3.03316
3.03416
3.03516
3.03615
3.03715
3.03815
3.03915
3.04015
3.04115
3.04215
3.04315
3.04415
3.04515
3.04614
3.04714
3.04814
3.04914
3.05014
3.05114
3.05214
3.05314
3.05414
3.05514
3.05613
3.05713
3.05813
3.05913
3.06013
3.06113
3.06213
3.06313
3.06413
3.06513
3.06612
3.06712
3.06812
3.06912
3.07012
3.07112
3.07212
3.07312
3.07412
3.07511
3.07611
3.07711
3.07811
3.07911
3.08011
3.08111
3.08211
3.08311
3.08411
3.0851
3.0861
3.0871
3.0881
3.0891
3.0901
3.0911
3.0921
3.0931
3.0941
3.09509
3.09609
3.09709
3.09809
3.09909
3.10009
3.10109
3.10209
3.10309
3.10409
3.10508
3.10608
3.10708
3.10808
3.10908
3.11008
3.11108
3.11208
3.11308
3.11407
3.11507
3.11607
3.11707
3.11807
3.11907
3.12007
3.12107
3.12207
3.12307
3.12406
3.12506
3.12606
3.12706
3.12806
3.12906
3.13006
3.13106
3.13206
3.13306
3.13405
3.13505
3.13605
3.13705
3.13805
3.13905
3.14005
3.14105
3.14205
3.14305
3.14404
3.14504
3.14604
3.14704
3.14804
3.14904
3.15004
3.15104
3.15204
3.15303
3.15403
3.15503
3.15603
3.15703
3.15803
3.15903
3.16003
3.16103
3.16203
3.16302
3.16402
3.16502
3.16602
3.16702
3.16802
3.16902
3.17002
3.17102
3.17202
3.17301
3.17401
3.17501
3.17601
3.17701
3.17801
3.17901
3.18001
3.18101
3.18201
3.183
3.184
3.185
3.186
3.187
3.188
3.189
3.19
3.191
3.19199
3.19299
3.19399
3.19499
3.19599
3.19699
3.19799
3.19899
3.19999
3.20099
3.20198
3.20298
3.20398
3.20498
3.20598
3.20698
3.20798
3.20898
3.20998
3.21098
3.21197
3.21297
3.21397
3.21497
3.21597
3.21697
3.21797
3.21897
3.21997
3.22097
3.22196
3.22296
3.22396
3.22496
3.22596
3.22696
3.22796
3.22896
3.22996
3.23095
3.23195
3.23295
3.23395
3.23495
3.23595
3.23695
3.23795
3.23895
3.23995
3.24094
3.24194
3.24294
3.24394
3.24494
3.24594
3.24694
3.24794
3.24894
3.24994
3.25093
3.25193
3.25293
3.25393
3.25493
3.25593
3.25693
3.25793
3.25893
3.25993
3.26092
3.26192
3.26292
3.26392
3.26492
3.26592
3.26692
3.26792
3.26892
3.26991
3.27091
3.27191
3.27291
3.27391
3.27491
3.27591
3.27691
3.27791
3.27891
3.2799
3.2809
3.2819
3.2829
3.2839
3.2849
3.2859
3.2869
3.2879
3.2889
3.28989
3.29089
3.29189
3.29289
3.29389
3.29489
3.29589
3.29689
3.29789
3.29889
3.29988
3.30088
3.30188
3.30288
3.30388
3.30488
3.30588
3.30688
3.30788
3.30887
3.30987
3.31087
3.31187
3.31287
3.31387
3.31487
3.31587
3.31687
3.31787
3.31886
3.31986
3.32086
3.32186
3.32286
3.32386
3.32486
3.32586
3.32686
3.32786
3.32885
3.32985
3.33085
3.33185
3.33285
3.33385
3.33485
3.33585
3.33685
3.33785
3.33884
3.33984
3.34084
3.34184
3.34284
3.34384
3.34484
3.34584
3.34684
3.34783
3.34883
3.34983
3.35083
3.35183
3.35283
3.35383
3.35483
3.35583
3.35683
3.35782
3.35882
3.35982
3.36082
3.36182
3.36282
3.36382
3.36482
3.36582
3.36682
3.36781
3.36881
3.36981
3.37081
3.37181
3.37281
3.37381
3.37481
3.37581
3.37681
3.3778
3.3788
3.3798
3.3808
3.3818
3.3828
3.3838
3.3848
3.3858
3.38679
3.38779
3.38879
3.38979
3.39079
3.39179
3.39279
3.39379
3.39479
3.39579
3.39678
3.39778
3.39878
3.39978
3.40078
3.40178
3.40278
3.40378
3.40478
3.40578
3.40677
3.40777
3.40877
3.40977
3.41077
3.41177
3.41277
3.41377
3.41477
3.41577
3.41676
3.41776
3.41876
3.41976
3.42076
3.42176
3.42276
3.42376
3.42476
3.42575
3.42675
3.42775
3.42875
3.42975
3.43075
3.43175
3.43275
3.43375
3.43475
3.43574
3.43674
3.43774
3.43874
3.43974
3.44074
3.44174
3.44274
3.44374
3.44474
3.44573
3.44673
3.44773
3.44873
3.44973
3.45073
3.45173
3.45273
3.45373
3.45473
3.45572
3.45672
3.45772
3.45872
3.45972
3.46072
3.46172
3.46272
3.46372
3.46471
3.46571
3.46671
3.46771
3.46871
3.46971
3.47071
3.47171
3.47271
3.47371
3.4747
3.4757
3.4767
3.4777
3.4787
3.4797
3.4807
3.4817
3.4827
3.4837
3.48469
3.48569
3.48669
3.48769
3.48869
3.48969
3.49069
3.49169
3.49269
3.49369
3.49468
3.49568
3.49668
3.49768
3.49868
3.49968
3.50068
3.50168
3.50268
3.50367
3.50467
3.50567
3.50667
3.50767
3.50867
3.50967
3.51067
3.51167
3.51267
3.51366
3.51466
3.51566
3.51666
3.51766
3.51866
3.51966
3.52066
3.52166
3.52266
3.52365
3.52465
3.52565
3.52665
3.52765
3.52865
3.52965
3.53065
3.53165
3.53264
3.53364
3.53464
3.53564
3.53664
3.53764
3.53864
3.53964
3.54064
3.54164
3.54263
3.54363
3.54463
3.54563
3.54663
3.54763
3.54863
3.54963
3.55063
3.55163
3.55262
3.55362
3.55462
3.55562
3.55662
3.55762
3.55862
3.55962
3.56062
3.56162
3.56261
3.56361
3.56461
3.56561
3.56661
3.56761
3.56861
3.56961
3.57061
3.5716
3.5726
3.5736
3.5746
3.5756
3.5766
3.5776
3.5786
3.5796
3.5806
3.58159
3.58259
3.58359
3.58459
3.58559
3.58659
3.58759
3.58859
3.58959
3.59059
3.59158
3.59258
3.59358
3.59458
3.59558
3.59658
3.59758
3.59858
3.59958
3.60058
3.60157
3.60257
3.60357
3.60457
3.60557
3.60657
3.60757
3.60857
3.60957
3.61056
3.61156
3.61256
3.61356
3.61456
3.61556
3.61656
3.61756
3.61856
3.61956
3.62055
3.62155
3.62255
3.62355
3.62455
3.62555
3.62655
3.62755
3.62855
3.62955
3.63054
3.63154
3.63254
3.63354
3.63454
3.63554
3.63654
3.63754
3.63854
3.63954
3.64053
3.64153
3.64253
3.64353
3.64453
3.64553
3.64653
3.64753
3.64853
3.64952
3.65052
3.65152
3.65252
3.65352
3.65452
3.65552
3.65652
3.65752
3.65852
3.65951
3.66051
3.66151
3.66251
3.66351
3.66451
3.66551
3.66651
3.66751
3.66851
3.6695
3.6705
3.6715
3.6725
3.6735
3.6745
3.6755
3.6765
3.6775
3.6785
3.67949
3.68049
3.68149
3.68249
3.68349
3.68449
3.68549
3.68649
3.68749
3.68848
3.68948
3.69048
3.69148
3.69248
3.69348
3.69448
3.69548
3.69648
3.69748
3.69847
3.69947
3.70047
3.70147
3.70247
3.70347
3.70447
3.70547
3.70647
3.70747
3.70846
3.70946
3.71046
3.71146
3.71246
3.71346
3.71446
3.71546
3.71646
3.71746
3.71845
3.71945
3.72045
3.72145
3.72245
3.72345
3.72445
3.72545
3.72645
3.72744
3.72844
3.72944
3.73044
3.73144
3.73244
3.73344
3.73444
3.73544
3.73644
3.73743
3.73843
3.73943
3.74043
3.74143
3.74243
3.74343
3.74443
3.74543
3.74643
3.74742
3.74842
3.74942
3.75042
3.75142
3.75242
3.75342
3.75442
3.75542
3.75642
3.75741
3.75841
3.75941
3.76041
3.76141
3.76241
3.76341
3.76441
3.76541
3.7664
3.7674
3.7684
3.7694
3.7704
3.7714
3.7724
3.7734
3.7744
3.7754
3.77639
3.77739
3.77839
3.77939
3.78039
3.78139
3.78239
3.78339
3.78439
3.78539
3.78638
3.78738
3.78838
3.78938
3.79038
3.79138
3.79238
3.79338
3.79438
3.79538
3.79637
3.79737
3.79837
3.79937
3.80037
3.80137
3.80237
3.80337
3.80437
3.80536
3.80636
3.80736
3.80836
3.80936
3.81036
3.81136
3.81236
3.81336
3.81436
3.81535
3.81635
3.81735
3.81835
3.81935
3.82035
3.82135
3.82235
3.82335
3.82435
3.82534
3.82634
3.82734
3.82834
3.82934
3.83034
3.83134
3.83234
3.83334
3.83434
3.83533
3.83633
3.83733
3.83833
3.83933
3.84033
3.84133
3.84233
3.84333
3.84432
3.84532
3.84632
3.84732
3.84832
3.84932
3.85032
3.85132
3.85232
3.85332
3.85431
3.85531
3.85631
3.85731
3.85831
3.85931
3.86031
3.86131
3.86231
3.86331
3.8643
3.8653
3.8663
3.8673
3.8683
3.8693
3.8703
3.8713
3.8723
3.8733
3.87429
3.87529
3.87629
3.87729
3.87829
3.87929
3.88029
3.88129
3.88229
3.88328
3.88428
3.88528
3.88628
3.88728
3.88828
3.88928
3.89028
3.89128
3.89228
3.89327
3.89427
3.89527
3.89627
3.89727
3.89827
3.89927
3.90027
3.90127
3.90227
3.90326
3.90426
3.90526
3.90626
3.90726
3.90826
3.90926
3.91026
3.91126
3.91226
3.91325
3.91425
3.91525
3.91625
3.91725
3.91825
3.91925
3.92025
3.92125
3.92224
3.92324
3.92424
3.92524
3.92624
3.92724
3.92824
3.92924
3.93024
3.93124
3.93223
3.93323
3.93423
3.93523
3.93623
3.93723
3.93823
3.93923
3.94023
3.94123
3.94222
3.94322
3.94422
3.94522
3.94622
3.94722
3.94822
3.94922
3.95022
3.95122
3.95221
3.95321
3.95421
3.95521
3.95621
3.95721
3.95821
3.95921
3.96021
3.9612
3.9622
3.9632
3.9642
3.9652
3.9662
3.9672
3.9682
3.9692
3.9702
3.97119
3.97219
3.97319
3.97419
3.97519
3.97619
3.97719
3.97819
3.97919
3.98019
3.98118
3.98218
3.98318
3.98418
3.98518
3.98618
3.98718
3.98818
3.98918
3.99018
3.99117
3.99217
3.99317
3.99417
3.99517
3.99617
3.99717
3.99817
3.99917
4.00016
4.00117
4.00217
4.00317
4.00417
4.00517
4.00617
4.00717
4.00818
4.00918
4.01018
4.01118
4.01218
4.01318
4.01418
4.01519
4.01619
4.01719
4.01819
4.01919
4.02019
4.02119
4.02219
4.0232
4.0242
4.0252
4.0262
4.0272
4.0282
4.0292
4.03021
4.03121
4.03221
4.03321
4.03421
4.03521
4.03621
4.03722
4.03822
4.03922
4.04022
4.04122
4.04222
4.04322
4.04422
4.04523
4.04623
4.04723
4.04823
4.04923
4.05023
4.05123
4.05224
4.05324
4.05424
4.05524
4.05624
4.05724
4.05824
4.05925
4.06025
4.06125
4.06225
4.06325
4.06425
4.06525
4.06625
4.06726
4.06826
4.06926
4.07026
4.07126
4.07226
4.07326
4.07427
4.07527
4.07627
4.07727
4.07827
4.07927
4.08027
4.08127
4.08228
4.08328
4.08428
4.08528
4.08628
4.08728
4.08828
4.08929
4.09029
4.09129
4.09229
4.09329
4.09429
4.09529
4.0963
4.0973
4.0983
4.0993
4.1003
4.1013
4.1023
4.1033
4.10431
4.10531
4.10631
4.10731
4.10831
4.10931
4.11031
4.11132
4.11232
4.11332
4.11432
4.11532
4.11632
4.11732
4.11833
4.11933
4.12033
4.12133
4.12233
4.12333
4.12433
4.12533
4.12634
4.12734
4.12834
4.12934
4.13034
4.13134
4.13234
4.13335
4.13435
4.13535
4.13635
4.13735
4.13835
4.13935
4.14036
4.14136
4.14236
4.14336
4.14436
4.14536
4.14636
4.14736
4.14837
4.14937
4.15037
4.15137
4.15237
4.15337
4.15437
4.15538
4.15638
4.15738
4.15838
4.15938
4.16038
4.16138
4.16238
4.16339
4.16439
4.16539
4.16639
4.16739
4.16839
4.16939
4.1704
4.1714
4.1724
4.1734
4.1744
4.1754
4.1764
4.17741
4.17841
4.17941
4.18041
4.18141
4.18241
4.18341
4.18441
4.18542
4.18642
4.18742
4.18842
4.18942
4.19042
4.19142
4.19243
4.19343
4.19443
4.19543
4.19643
4.19743
4.19843
4.19944
4.20044
4.20144
4.20244
4.20344
4.20444
4.20544
4.20644
4.20745
4.20845
4.20945
4.21045
4.21145
4.21245
4.21345
4.21446
4.21546
4.21646
4.21746
4.21846
4.21946
4.22046
4.22147
4.22247
4.22347
4.22447
4.22547
4.22647
4.22747
4.22847
4.22948
4.23048
4.23148
4.23248
4.23348
4.23448
4.23548
4.23649
4.23749
4.23849
4.23949
4.24049
4.24149
4.24249
4.24349
4.2445
4.2455
4.2465
4.2475
4.2485
4.2495
4.2505
4.25151
4.25251
4.25351
4.25451
4.25551
4.25651
4.25751
4.25852
4.25952
4.26052
4.26152
4.26252
4.26352
4.26452
4.26552
4.26653
4.26753
4.26853
4.26953
4.27053
4.27153
4.27253
4.27354
4.27454
4.27554
4.27654
4.27754
4.27854
4.27954
4.28055
4.28155
4.28255
4.28355
4.28455
4.28555
4.28655
4.28755
4.28856
4.28956
4.29056
4.29156
4.29256
4.29356
4.29456
4.29557
4.29657
4.29757
4.29857
4.29957
4.30057
4.30157
4.30258
4.30358
4.30458
4.30558
4.30658
4.30758
4.30858
4.30958
4.31059
4.31159
4.31259
4.31359
4.31459
4.31559
4.31659
4.3176
4.3186
4.3196
4.3206
4.3216
4.3226
4.3236
4.3246
4.32561
4.32661
4.32761
4.32861
4.32961
4.33061
4.33161
4.33262
4.33362
4.33462
4.33562
4.33662
4.33762
4.33862
4.33963
4.34063
4.34163
4.34263
4.34363
4.34463
4.34563
4.34663
4.34764
4.34864
4.34964
4.35064
4.35164
4.35264
4.35364
4.35465
4.35565
4.35665
4.35765
4.35865
4.35965
4.36065
4.36166
4.36266
4.36366
4.36466
4.36566
4.36666
4.36766
4.36866
4.36967
4.37067
4.37167
4.37267
4.37367
4.37467
4.37567
4.37668
4.37768
4.37868
4.37968
4.38068
4.38168
4.38268
4.38369
4.38469
4.38569
4.38669
4.38769
4.38869
4.38969
4.39069
4.3917
4.3927
4.3937
4.3947
4.3957
4.3967
4.3977
4.39871
4.39971
4.40071
4.40171
4.40271
4.40371
4.40471
4.40571
4.40672
4.40772
4.40872
4.40972
4.41072
4.41172
4.41272
4.41373
4.41473
4.41573
4.41673
4.41773
4.41873
4.41973
4.42074
4.42174
4.42274
4.42374
4.42474
4.42574
4.42674
4.42774
4.42875
4.42975
4.43075
4.43175
4.43275
4.43375
4.43475
4.43576
4.43676
4.43776
4.43876
4.43976
4.44076
4.44176
4.44277
4.44377
4.44477
4.44577
4.44677
4.44777
4.44877
4.44977
4.45078
4.45178
4.45278
4.45378
4.45478
4.45578
4.45678
4.45779
4.45879
4.45979
4.46079
4.46179
4.46279
4.46379
4.4648
4.4658
4.4668
4.4678
4.4688
4.4698
4.4708
4.4718
4.47281
4.47381
4.47481
4.47581
4.47681
4.47781
4.47881
4.47982
4.48082
4.48182
4.48282
4.48382
4.48482
4.48582
4.48682
4.48783
4.48883
4.48983
4.49083
4.49183
4.49283
4.49383
4.49484
4.49584
4.49684
4.49784
4.49884
4.49984
4.50084
4.50185
4.50285
4.50385
4.50485
4.50585
4.50685
4.50785
4.50885
4.50986
4.51086
4.51186
4.51286
4.51386
4.51486
4.51586
4.51687
4.51787
4.51887
4.51987
4.52087
4.52187
4.52287
4.52388
4.52488
4.52588
4.52688
4.52788
4.52888
4.52988
4.53088
4.53189
4.53289
4.53389
4.53489
4.53589
4.53689
4.53789
4.5389
4.5399
4.5409
4.5419
4.5429
4.5439
4.5449
4.54591
4.54691
4.54791
4.54891
4.54991
4.55091
4.55191
4.55291
4.55392
4.55492
4.55592
4.55692
4.55792
4.55892
4.55992
4.56093
4.56193
4.56293
4.56393
4.56493
4.56593
4.56693
4.56793
4.56894
4.56994
4.57094
4.57194
4.57294
4.57394
4.57494
4.57595
4.57695
4.57795
4.57895
4.57995
4.58095
4.58195
4.58296
4.58396
4.58496
4.58596
4.58696
4.58796
4.58896
4.58996
4.59097
4.59197
4.59297
4.59397
4.59497
4.59597
4.59697
4.59798
4.59898
4.59998
4.60098
4.60198
4.60298
4.60398
4.60499
4.60599
4.60699
4.60799
4.60899
4.60999
4.61099
4.61199
4.613
4.614
4.615
4.616
4.617
4.618
4.619
4.62001
4.62101
4.62201
4.62301
4.62401
4.62501
4.62601
4.62702
4.62802
4.62902
4.63002
4.63102
4.63202
4.63302
4.63402
4.63503
4.63603
4.63703
4.63803
4.63903
4.64003
4.64103
4.64204
4.64304
4.64404
4.64504
4.64604
4.64704
4.64804
4.64904
4.65005
4.65105
4.65205
4.65305
4.65405
4.65505
4.65605
4.65706
4.65806
4.65906
4.66006
4.66106
4.66206
4.66306
4.66407
4.66507
4.66607
4.66707
4.66807
4.66907
4.67007
4.67107
4.67208
4.67308
4.67408
4.67508
4.67608
4.67708
4.67808
4.67909
4.68009
4.68109
4.68209
4.68309
4.68409
4.68509
4.6861
4.6871
4.6881
4.6891
4.6901
4.6911
4.6921
4.6931
4.69411
4.69511
4.69611
4.69711
4.69811
4.69911
4.70011
4.70112
4.70212
4.70312
4.70412
4.70512
4.70612
4.70712
4.70813
4.70913
4.71013
4.71113
4.71213
4.71313
4.71413
4.71513
4.71614
4.71714
4.71814
4.71914
4.72014
4.72114
4.72214
4.72315
4.72415
4.72515
4.72615
4.72715
4.72815
4.72915
4.73015
4.73116
4.73216
4.73316
4.73416
4.73516
4.73616
4.73716
4.73817
4.73917
4.74017
4.74117
4.74217
4.74317
4.74417
4.74518
4.74618
4.74718
4.74818
4.74918
4.75018
4.75118
4.75218
4.75319
4.75419
4.75519
4.75619
4.75719
4.75819
4.75919
4.7602
4.7612
4.7622
4.7632
4.7642
4.7652
4.7662
4.76721
4.76821
4.76921
4.77021
4.77121
4.77221
4.77321
4.77421
4.77522
4.77622
4.77722
4.77822
4.77922
4.78022
4.78122
4.78223
4.78323
4.78423
4.78523
4.78623
4.78723
4.78823
4.78924
4.79024
4.79124
4.79224
4.79324
4.79424
4.79524
4.79624
4.79725
4.79825
4.79925
4.80025
4.80125
4.80225
4.80325
4.80426
4.80526
4.80626
4.80726
4.80826
4.80926
4.81026
4.81126
4.81227
4.81327
4.81427
4.81527
4.81627
4.81727
4.81827
4.81928
4.82028
4.82128
4.82228
4.82328
4.82428
4.82528
4.82629
4.82729
4.82829
4.82929
4.83029
4.83129
4.83229
4.83329
4.8343
4.8353
4.8363
4.8373
4.8383
4.8393
4.8403
4.84131
4.84231
4.84331
4.84431
4.84531
4.84631
4.84731
4.84832
4.84932
4.85032
4.85132
4.85232
4.85332
4.85432
4.85532
4.85633
4.85733
4.85833
4.85933
4.86033
4.86133
4.86233
4.86334
4.86434
4.86534
4.86634
4.86734
4.86834
4.86934
4.87035
4.87135
4.87235
4.87335
4.87435
4.87535
4.87635
4.87735
4.87836
4.87936
4.88036
4.88136
4.88236
4.88336
4.88436
4.88537
4.88637
4.88737
4.88837
4.88937
4.89037
4.89137
4.89237
4.89338
4.89438
4.89538
4.89638
4.89738
4.89838
4.89938
4.90039
4.90139
4.90239
4.90339
4.90439
4.90539
4.90639
4.9074
4.9084
4.9094
4.9104
4.9114
4.9124
4.9134
4.9144
4.91541
4.91641
4.91741
4.91841
4.91941
4.92041
4.92141
4.92242
4.92342
4.92442
4.92542
4.92642
4.92742
4.92842
4.92943
4.93043
4.93143
4.93243
4.93343
4.93443
4.93543
4.93643
4.93744
4.93844
4.93944
4.94044
4.94144
4.94244
4.94344
4.94445
4.94545
4.94645
4.94745
4.94845
4.94945
4.95045
4.95146
4.95246
4.95346
4.95446
4.95546
4.95646
4.95746
4.95846
4.95947
4.96047
4.96147
4.96247
4.96347
4.96447
4.96547
4.96648
4.96748
4.96848
4.96948
4.97048
4.97148
4.97248
4.97348
4.97449
4.97549
4.97649
4.97749
4.97849
4.97949
4.98049
4.9815
4.9825
4.9835
4.9845
4.9855
4.9865
4.9875
4.98851
4.98951
4.99051
4.99151
4.99251
4.99351
4.99451
4.99551
4.99652
4.99752
4.99852
4.99952
5.00052
5.00152
5.00252
5.00353
5.00453
5.00553
5.00653
5.00753
5.00853
5.00953
5.01054
5.01154
5.01254
5.01354
5.01454
5.01554
5.01654
5.01754
5.01855
5.01955
5.02055
5.02155
5.02255
5.02355
5.02455
5.02556
5.02656
5.02756
5.02856
5.02956
5.03056
5.03156
5.03257
5.03357
5.03457
5.03557
5.03657
5.03757
5.03857
5.03957
5.04058
5.04158
5.04258
5.04358
5.04458
5.04558
5.04658
5.04759
5.04859
5.04959
5.05059
5.05159
5.05259
5.05359
5.05459
5.0556
5.0566
5.0576
5.0586
5.0596
5.0606
5.0616
5.06261
5.06361
5.06461
5.06561
5.06661
5.06761
5.06861
5.06962
5.07062
5.07162
5.07262
5.07362
5.07462
5.07562
5.07662
5.07763
5.07863
5.07963
5.08063
5.08163
5.08263
5.08363
5.08464
5.08564
5.08664
5.08764
5.08864
5.08964
5.09064
5.09165
5.09265
5.09365
5.09465
5.09565
5.09665
5.09765
5.09865
5.09966
5.10066
5.10166
5.10266
5.10366
5.10466
5.10566
5.10667
5.10767
5.10867
5.10967
5.11067
5.11167
5.11267
5.11368
5.11468
5.11568
5.11668
5.11768
5.11868
5.11968
5.12068
5.12169
5.12269
5.12369
5.12469
5.12569
5.12669
5.12769
5.1287
5.1297
5.1307
5.1317
5.1327
5.1337
5.1347
5.1357
5.13671
5.13771
5.13871
5.13971
5.14071
5.14171
5.14271
5.14372
5.14472
5.14572
5.14672
5.14772
5.14872
5.14972
5.15073
5.15173
5.15273
5.15373
5.15473
5.15573
5.15673
5.15773
5.15874
5.15974
5.16074
5.16174
5.16274
5.16374
5.16474
5.16575
5.16675
5.16775
5.16875
5.16975
5.17075
5.17175
5.17276
5.17376
5.17476
5.17576
5.17676
5.17776
5.17876
5.17976
5.18077
5.18177
5.18277
5.18377
5.18477
5.18577
5.18677
5.18778
5.18878
5.18978
5.19078
5.19178
5.19278
5.19378
5.19479
5.19579
5.19679
5.19779
5.19879
5.19979
5.20079
5.20179
5.2028
5.2038
5.2048
5.2058
5.2068
5.2078
5.2088
5.20981
5.21081
5.21181
5.21281
5.21381
5.21481
5.21581
5.21681
5.21782
5.21882
5.21982
5.22082
5.22182
5.22282
5.22382
5.22483
5.22583
5.22683
5.22783
5.22883
5.22983
5.23083
5.23184
5.23284
5.23384
5.23484
5.23584
5.23684
5.23784
5.23884
5.23985
5.24085
5.24185
5.24285
5.24385
5.24485
5.24585
5.24686
5.24786
5.24886
5.24986
5.25086
5.25186
5.25286
5.25387
5.25487
5.25587
5.25687
5.25787
5.25887
5.25987
5.26087
5.26188
5.26288
5.26388
5.26488
5.26588
5.26688
5.26788
5.26889
5.26989
5.27089
5.27189
5.27289
5.27389
5.27489
5.2759
5.2769
5.2779
5.2789
5.2799
5.2809
5.2819
5.2829
5.28391
5.28491
5.28591
5.28691
5.28791
5.28891
5.28991
5.29092
5.29192
5.29292
5.29392
5.29492
5.29592
5.29692
5.29792
5.29893
5.29993
5.30093
5.30193
5.30293
5.30393
5.30493
5.30594
5.30694
5.30794
5.30894
5.30994
5.31094
5.31194
5.31295
5.31395
5.31495
5.31595
5.31695
5.31795
5.31895
5.31995
5.32096
5.32196
5.32296
5.32396
5.32496
5.32596
5.32696
5.32797
5.32897
5.32997
5.33097
5.33197
5.33297
5.33397
5.33498
5.33598
5.33698
5.33798
5.33898
5.33998
5.34098
5.34198
5.34299
5.34399
5.34499
5.34599
5.34699
5.34799
5.34899
5.35
5.351
5.352
5.353
5.354
5.355
5.356
5.35701
5.35801
5.35901
5.36001
5.36101
5.36201
5.36301
5.36401
5.36502
5.36602
5.36702
5.36802
5.36902
5.37002
5.37102
5.37203
5.37303
5.37403
5.37503
5.37603
5.37703
5.37803
5.37903
5.38004
5.38104
5.38204
5.38304
5.38404
5.38504
5.38604
5.38705
5.38805
5.38905
5.39005
5.39105
5.39205
5.39305
5.39406
5.39506
5.39606
5.39706
5.39806
5.39906
5.40006
5.40106
5.40207
5.40307
5.40407
5.40507
5.40607
5.40707
5.40807
5.40908
5.41008
5.41108
5.41208
5.41308
5.41408
5.41508
5.41609
5.41709
5.41809
5.41909
5.42009
5.42109
5.42209
5.42309
5.4241
5.4251
5.4261
5.4271
5.4281
5.4291
5.4301
5.43111
5.43211
5.43311
5.43411
5.43511
5.43611
5.43711
5.43812
5.43912
5.44012
5.44112
5.44212
5.44312
5.44412
5.44512
5.44613
5.44713
5.44813
5.44913
5.45013
5.45113
5.45213
5.45314
5.45414
5.45514
5.45614
5.45714
5.45814
5.45914
5.46014
5.46115
5.46215
5.46315
5.46415
5.46515
5.46615
5.46715
5.46816
5.46916
5.47016
5.47116
5.47216
5.47316
5.47416
5.47517
5.47617
5.47717
5.47817
5.47917
5.48017
5.48117
5.48217
5.48318
5.48418
5.48518
5.48618
5.48718
5.48818
5.48918
5.49019
5.49119
5.49219
5.49319
5.49419
5.49519
5.49619
5.4972
5.4982
5.4992
5.5002
5.5012
5.5022
5.5032
5.5042
5.50521
5.50621
5.50721
5.50821
5.50921
5.51021
5.51121
5.51222
5.51322
5.51422
5.51522
5.51622
5.51722
5.51822
5.51923
5.52023
5.52123
5.52223
5.52323
5.52423
5.52523
5.52623
5.52724
5.52824
5.52924
5.53024
5.53124
5.53224
5.53324
5.53425
5.53525
5.53625
5.53725
5.53825
5.53925
5.54025
5.54125
5.54226
5.54326
5.54426
5.54526
5.54626
5.54726
5.54826
5.54927
5.55027
5.55127
5.55227
5.55327
5.55427
5.55527
5.55628
5.55728
5.55828
5.55928
5.56028
5.56128
5.56228
5.56328
5.56429
5.56529
5.56629
5.56729
5.56829
5.56929
5.57029
5.5713
5.5723
5.5733
5.5743
5.5753
5.5763
5.5773
5.57831
5.57931
5.58031
5.58131
5.58231
5.58331
5.58431
5.58531
5.58632
5.58732
5.58832
5.58932
5.59032
5.59132
5.59232
5.59333
5.59433
5.59533
5.59633
5.59733
5.59833
5.59933
5.60034
5.60134
5.60234
5.60334
5.60434
5.60534
5.60634
5.60734
5.60835
5.60935
5.61035
5.61135
5.61235
5.61335
5.61435
5.61536
5.61636
5.61736
5.61836
5.61936
5.62036
5.62136
5.62236
5.62337
5.62437
5.62537
5.62637
5.62737
5.62837
5.62937
5.63038
5.63138
5.63238
5.63338
5.63438
5.63538
5.63638
5.63739
5.63839
5.63939
5.64039
5.64139
5.64239
5.64339
5.64439
5.6454
5.6464
5.6474
5.6484
5.6494
5.6504
5.6514
5.65241
5.65341
5.65441
5.65541
5.65641
5.65741
5.65841
5.65942
5.66042
5.66142
5.66242
5.66342
5.66442
5.66542
5.66642
5.66743
5.66843
5.66943
5.67043
5.67143
5.67243
5.67343
5.67444
5.67544
5.67644
5.67744
5.67844
5.67944
5.68044
5.68145
5.68245
5.68345
5.68445
5.68545
5.68645
5.68745
5.68845
5.68946
5.69046
5.69146
5.69246
5.69346
5.69446
5.69546
5.69647
5.69747
5.69847
5.69947
5.70047
5.70147
5.70247
5.70347
5.70448
5.70548
5.70648
5.70748
5.70848
5.70948
5.71048
5.71149
5.71249
5.71349
5.71449
5.71549
5.71649
5.71749
5.7185
5.7195
5.7205
5.7215
5.7225
5.7235
5.7245
5.7255
5.72651
5.72751
5.72851
5.72951
5.73051
5.73151
5.73251
5.73352
5.73452
5.73552
5.73652
5.73752
5.73852
5.73952
5.74053
5.74153
5.74253
5.74353
5.74453
5.74553
5.74653
5.74753
5.74854
5.74954
5.75054
5.75154
5.75254
5.75354
5.75454
5.75555
5.75655
5.75755
5.75855
5.75955
5.76055
5.76155
5.76256
5.76356
5.76456
5.76556
5.76656
5.76756
5.76856
5.76956
5.77057
5.77157
5.77257
5.77357
5.77457
5.77557
5.77657
5.77758
5.77858
5.77958
5.78058
5.78158
5.78258
5.78358
5.78458
5.78559
5.78659
5.78759
5.78859
5.78959
5.79059
5.79159
5.7926
5.7936
5.7946
5.7956
5.7966
5.7976
5.7986
5.79961
5.80061
5.80161
5.80261
5.80361
5.80461
5.80561
5.80661
5.80762
5.80862
5.80962
5.81062
5.81162
5.81262
5.81362
5.81463
5.81563
5.81663
5.81763
5.81863
5.81963
5.82063
5.82164
5.82264
5.82364
5.82464
5.82564
5.82664
5.82764
5.82864
5.82965
5.83065
5.83165
5.83265
5.83365
5.83465
5.83565
5.83666
5.83766
5.83866
5.83966
5.84066
5.84166
5.84266
5.84367
5.84467
5.84567
5.84667
5.84767
5.84867
5.84967
5.85067
5.85168
5.85268
5.85368
5.85468
5.85568
5.85668
5.85768
5.85869
5.85969
5.86069
5.86169
5.86269
5.86369
5.86469
5.86569
5.8667
5.8677
5.8687
5.8697
5.8707
5.8717
5.8727
5.87371
5.87471
5.87571
5.87671
5.87771
5.87871
5.87971
5.88072
5.88172
5.88272
5.88372
5.88472
5.88572
5.88672
5.88772
5.88873
5.88973
5.89073
5.89173
5.89273
5.89373
5.89473
5.89574
5.89674
5.89774
5.89874
5.89974
5.90074
5.90174
5.90275
5.90375
5.90475
5.90575
5.90675
5.90775
5.90875
5.90975
5.91076
5.91176
5.91276
5.91376
5.91476
5.91576
5.91676
5.91777
5.91877
5.91977
5.92077
5.92177
5.92277
5.92377
5.92478
5.92578
5.92678
5.92778
5.92878
5.92978
5.93078
5.93178
5.93279
5.93379
5.93479
5.93579
5.93679
5.93779
5.93879
5.9398
5.9408
5.9418
5.9428
5.9438
5.9448
5.9458
5.94681
5.94781
5.94881
5.94981
5.95081
5.95181
5.95281
5.95381
5.95482
5.95582
5.95682
5.95782
5.95882
5.95982
5.96082
5.96183
5.96283
5.96383
5.96483
5.96583
5.96683
5.96783
5.96883
5.96984
5.97084
5.97184
5.97284
5.97384
5.97484
5.97584
5.97685
5.97785
5.97885
5.97985
5.98085
5.98185
5.98285
5.98386
5.98486
5.98586
5.98686
5.98786
5.98886
5.98986
5.99086
5.99187
5.99287
5.99387
5.99487
5.99587
5.99687
5.99787
5.99888
5.99988
6.00088
6.00188
6.00288
6.00388
6.00488
6.00589
6.00689
6.00789
6.00889
6.00989
6.01089
6.01189
6.01289
6.0139
6.0149
6.0159
6.0169
6.0179
6.0189
6.0199
6.02091
6.02191
6.02291
6.02391
6.02491
6.02591
6.02691
6.02792
6.02892
6.02992
6.03092
6.03192
6.03292
6.03392
6.03492
6.03593
6.03693
6.03793
6.03893
6.03993
6.04093
6.04193
6.04294
6.04394
6.04494
6.04594
6.04694
6.04794
6.04894
6.04994
6.05095
6.05195
6.05295
6.05395
6.05495
6.05595
6.05695
6.05796
6.05896
6.05996
6.06096
6.06196
6.06296
6.06396
6.06497
6.06597
6.06697
6.06797
6.06897
6.06997
6.07097
6.07197
6.07298
6.07398
6.07498
6.07598
6.07698
6.07798
6.07898
6.07999
6.08099
6.08199
6.08299
6.08399
6.08499
6.08599
6.087
6.088
6.089
6.09
6.091
6.092
6.093
6.094
6.09501
6.09601
6.09701
6.09801
6.09901
6.10001
6.10101
6.10202
6.10302
6.10402
6.10502
6.10602
6.10702
6.10802
6.10903
6.11003
6.11103
6.11203
6.11303
6.11403
6.11503
6.11603
6.11704
6.11804
6.11904
6.12004
6.12104
6.12204
6.12304
6.12405
6.12505
6.12605
6.12705
6.12805
6.12905
6.13005
6.13105
6.13206
6.13306
6.13406
6.13506
6.13606
6.13706
6.13806
6.13907
6.14007
6.14107
6.14207
6.14307
6.14407
6.14507
6.14608
6.14708
6.14808
6.14908
6.15008
6.15108
6.15208
6.15308
6.15409
6.15509
6.15609
6.15709
6.15809
6.15909
6.16009
6.1611
6.1621
6.1631
6.1641
6.1651
6.1661
6.1671
6.16811
6.16911
6.17011
6.17111
6.17211
6.17311
6.17411
6.17511
6.17612
6.17712
6.17812
6.17912
6.18012
6.18112
6.18212
6.18313
6.18413
6.18513
6.18613
6.18713
6.18813
6.18913
6.19014
6.19114
6.19214
6.19314
6.19414
6.19514
6.19614
6.19714
6.19815
6.19915
6.20015
6.20115
6.20215
6.20315
6.20415
6.20516
6.20616
6.20716
6.20816
6.20916
6.21016
6.21116
6.21216
6.21317
6.21417
6.21517
6.21617
6.21717
6.21817
6.21917
6.22018
6.22118
6.22218
6.22318
6.22418
6.22518
6.22618
6.22719
6.22819
6.22919
6.23019
6.23119
6.23219
6.23319
6.23419
6.2352
6.2362
6.2372
6.2382
6.2392
6.2402
6.2412
6.24221
6.24321
6.24421
6.24521
6.24621
6.24721
6.24821
6.24922
6.25022
6.25122
6.25222
6.25322
6.25422
6.25522
6.25622
6.25723
6.25823
6.25923
6.26023
6.26123
6.26223
6.26323
6.26424
6.26524
6.26624
6.26724
6.26824
6.26924
6.27024
6.27125
6.27225
6.27325
6.27425
6.27525
6.27625
6.27725
6.27825
6.27926
6.28026
6.28126
6.28226
6.28326
6.28426
6.28526
6.28627
6.28727
6.28827
6.28927
6.29027
6.29127
6.29227
6.29327
6.29428
6.29528
6.29628
6.29728
6.29828
6.29928
6.30028
6.30129
6.30229
6.30329
6.30429
6.30529
6.30629
6.30729
6.3083
6.3093
6.3103
6.3113
6.3123
6.3133
6.3143
6.3153
6.31631
6.31731
6.31831
6.31931
6.32031
6.32131
6.32231
6.32332
6.32432
6.32532
6.32632
6.32732
6.32832
6.32932
6.33033
6.33133
6.33233
6.33333
6.33433
6.33533
6.33633
6.33733
6.33834
6.33934
6.34034
6.34134
6.34234
6.34334
6.34434
6.34535
6.34635
6.34735
6.34835
6.34935
6.35035
6.35135
6.35236
6.35336
6.35436
6.35536
6.35636
6.35736
6.35836
6.35936
6.36037
6.36137
6.36237
6.36337
6.36437
6.36537
6.36637
6.36738
6.36838
6.36938
6.37038
6.37138
6.37238
6.37338
6.37438
6.37539
6.37639
6.37739
6.37839
6.37939
6.38039
6.38139
6.3824
6.3834
6.3844
6.3854
6.3864
6.3874
6.3884
6.38941
6.39041
6.39141
6.39241
6.39341
6.39441
6.39541
6.39641
6.39742
6.39842
6.39942
6.40042
6.40142
6.40242
6.40342
6.40443
6.40543
6.40643
6.40743
6.40843
6.40943
6.41043
6.41144
6.41244
6.41344
6.41444
6.41544
6.41644
6.41744
6.41844
6.41945
6.42045
6.42145
6.42245
6.42345
6.42445
6.42545
6.42646
6.42746
6.42846
6.42946
6.43046
6.43146
6.43246
6.43347
6.43447
6.43547
6.43647
6.43747
6.43847
6.43947
6.44047
6.44148
6.44248
6.44348
6.44448
6.44548
6.44648
6.44748
6.44849
6.44949
6.45049
6.45149
6.45249
6.45349
6.45449
6.45549
6.4565
6.4575
6.4585
6.4595
6.4605
6.4615
6.4625
6.46351
6.46451
6.46551
6.46651
6.46751
6.46851
6.46951
6.47052
6.47152
6.47252
6.47352
6.47452
6.47552
6.47652
6.47752
6.47853
6.47953
6.48053
6.48153
6.48253
6.48353
6.48453
6.48554
6.48654
6.48754
6.48854
6.48954
6.49054
6.49154
6.49255
6.49355
6.49455
6.49555
6.49655
6.49755
6.49855
6.49955
6.50056
6.50156
6.50256
6.50356
6.50456
6.50556
6.50656
6.50757
6.50857
6.50957
6.51057
6.51157
6.51257
6.51357
6.51458
6.51558
6.51658
6.51758
6.51858
6.51958
6.52058
6.52158
6.52259
6.52359
6.52459
6.52559
6.52659
6.52759
6.52859
6.5296
6.5306
6.5316
6.5326
6.5336
6.5346
6.5356
6.5366
6.53761
6.53861
6.53961
6.54061
6.54161
6.54261
6.54361
6.54462
6.54562
6.54662
6.54762
6.54862
6.54962
6.55062
6.55163
6.55263
6.55363
6.55463
6.55563
6.55663
6.55763
6.55863
6.55964
6.56064
6.56164
6.56264
6.56364
6.56464
6.56564
6.56665
6.56765
6.56865
6.56965
6.57065
6.57165
6.57265
6.57366
6.57466
6.57566
6.57666
6.57766
6.57866
6.57966
6.58066
6.58167
6.58267
6.58367
6.58467
6.58567
6.58667
6.58767
6.58868
6.58968
6.59068
6.59168
6.59268
6.59368
6.59468
6.59569
6.59669
6.59769
6.59869
6.59969
6.60069
6.60169
6.60269
6.6037
6.6047
6.6057
6.6067
6.6077
6.6087
6.6097
6.61071
6.61171
6.61271
6.61371
6.61471
6.61571
6.61671
6.61771
6.61872
6.61972
6.62072
6.62172
6.62272
6.62372
6.62472
6.62573
6.62673
6.62773
6.62873
6.62973
6.63073
6.63173
6.63274
6.63374
6.63474
6.63574
6.63674
6.63774
6.63874
6.63974
6.64075
6.64175
6.64275
6.64375
6.64475
6.64575
6.64675
6.64776
6.64876
6.64976
6.65076
6.65176
6.65276
6.65376
6.65477
6.65577
6.65677
6.65777
6.65877
6.65977
6.66077
6.66177
6.66278
6.66378
6.66478
6.66578
6.66678
6.66778
6.66878
6.66979
6.67079
6.67179
6.67279
6.67379
6.67479
6.67579
6.6768
6.6778
6.6788
6.6798
6.6808
6.6818
6.6828
6.6838
6.68481
6.68581
6.68681
6.68781
6.68881
6.68981
6.69081
6.69182
6.69282
6.69382
6.69482
6.69582
6.69682
6.69782
6.69882
6.69983
6.70083
6.70183
6.70283
6.70383
6.70483
6.70583
6.70684
6.70784
6.70884
6.70984
6.71084
6.71184
6.71284
6.71385
6.71485
6.71585
6.71685
6.71785
6.71885
6.71985
6.72085
6.72186
6.72286
6.72386
6.72486
6.72586
6.72686
6.72786
6.72887
6.72987
6.73087
6.73187
6.73287
6.73387
6.73487
6.73588
6.73688
6.73788
6.73888
6.73988
6.74088
6.74188
6.74288
6.74389
6.74489
6.74589
6.74689
6.74789
6.74889
6.74989
6.7509
6.7519
6.7529
6.7539
6.7549
6.7559
6.7569
6.75791
6.75891
6.75991
6.76091
6.76191
6.76291
6.76391
6.76491
6.76592
6.76692
6.76792
6.76892
6.76992
6.77092
6.77192
6.77293
6.77393
6.77493
6.77593
6.77693
6.77793
6.77893
6.77993
6.78094
6.78194
6.78294
6.78394
6.78494
6.78594
6.78694
6.78795
6.78895
6.78995
6.79095
6.79195
6.79295
6.79395
6.79496
6.79596
6.79696
6.79796
6.79896
6.79996
6.80096
6.80196
6.80297
6.80397
6.80497
6.80597
6.80697
6.80797
6.80897
6.80998
6.81098
6.81198
6.81298
6.81398
6.81498
6.81598
6.81699
6.81799
6.81899
6.81999
6.82099
6.82199
6.82299
6.82399
6.825
6.826
6.827
6.828
6.829
6.83
6.831
6.83201
6.83301
6.83401
6.83501
6.83601
6.83701
6.83801
6.83902
6.84002
6.84102
6.84202
6.84302
6.84402
6.84502
6.84602
6.84703
6.84803
6.84903
6.85003
6.85103
6.85203
6.85303
6.85404
6.85504
6.85604
6.85704
6.85804
6.85904
6.86004
6.86104
6.86205
6.86305
6.86405
6.86505
6.86605
6.86705
6.86805
6.86906
6.87006
6.87106
6.87206
6.87306
6.87406
6.87506
6.87607
6.87707
6.87807
6.87907
6.88007
6.88107
6.88207
6.88307
6.88408
6.88508
6.88608
6.88708
6.88808
6.88908
6.89008
6.89109
6.89209
6.89309
6.89409
6.89509
6.89609
6.89709
6.8981
6.8991
6.9001
6.9011
6.9021
6.9031
6.9041
6.9051
6.90611
6.90711
6.90811
6.90911
6.91011
6.91111
6.91211
6.91312
6.91412
6.91512
6.91612
6.91712
6.91812
6.91912
6.92013
6.92113
6.92213
6.92313
6.92413
6.92513
6.92613
6.92713
6.92814
6.92914
6.93014
6.93114
6.93214
6.93314
6.93414
6.93515
6.93615
6.93715
6.93815
6.93915
6.94015
6.94115
6.94215
6.94316
6.94416
6.94516
6.94616
6.94716
6.94816
6.94916
6.95017
6.95117
6.95217
6.95317
6.95417
6.95517
6.95617
6.95718
6.95818
6.95918
6.96018
6.96118
6.96218
6.96318
6.96418
6.96519
6.96619
6.96719
6.96819
6.96919
6.97019
6.97119
6.9722
6.9732
6.9742
6.9752
6.9762
6.9772
6.9782
6.97921
6.98021
6.98121
6.98221
6.98321
6.98421
6.98521
6.98621
6.98722
6.98822
6.98922
6.99022
6.99122
6.99222
6.99322
6.99423
6.99523
6.99623
6.99723
6.99823
6.99923
7.00023
7.00124
7.00224
7.00324
7.00424
7.00524
7.00624
7.00724
7.00824
7.00925
7.01025
7.01125
7.01225
7.01325
7.01425
7.01525
7.01626
7.01726
7.01826
7.01926
7.02026
7.02126
7.02226
7.02326
7.02427
7.02527
7.02627
7.02727
7.02827
7.02927
7.03027
7.03128
7.03228
7.03328
7.03428
7.03528
7.03628
7.03728
7.03829
7.03929
7.04029
7.04129
7.04229
7.04329
7.04429
7.04529
7.0463
7.0473
7.0483
7.0493
7.0503
7.0513
7.0523
7.05331
7.05431
7.05531
7.05631
7.05731
7.05831
7.05931
7.06032
7.06132
7.06232
7.06332
7.06432
7.06532
7.06632
7.06732
7.06833
7.06933
7.07033
7.07133
7.07233
7.07333
7.07433
7.07534
7.07634
7.07734
7.07834
7.07934
7.08034
7.08134
7.08235
7.08335
7.08435
7.08535
7.08635
7.08735
7.08835
7.08935
7.09036
7.09136
7.09236
7.09336
7.09436
7.09536
7.09636
7.09737
7.09837
7.09937
7.10037
7.10137
7.10237
7.10337
7.10437
7.10538
7.10638
7.10738
7.10838
7.10938
7.11038
7.11138
7.11239
7.11339
7.11439
7.11539
7.11639
7.11739
7.11839
7.1194
7.1204
7.1214
7.1224
7.1234
7.1244
7.1254
7.1264
7.12741
7.12841
7.12941
7.13041
7.13141
7.13241
7.13341
7.13442
7.13542
7.13642
7.13742
7.13842
7.13942
7.14042
7.14143
7.14243
7.14343
7.14443
7.14543
7.14643
7.14743
7.14843
7.14944
7.15044
7.15144
7.15244
7.15344
7.15444
7.15544
7.15645
7.15745
7.15845
7.15945
7.16045
7.16145
7.16245
7.16346
7.16446
7.16546
7.16646
7.16746
7.16846
7.16946
7.17046
7.17147
7.17247
7.17347
7.17447
7.17547
7.17647
7.17747
7.17848
7.17948
7.18048
7.18148
7.18248
7.18348
7.18448
7.18548
7.18649
7.18749
7.18849
7.18949
7.19049
7.19149
7.19249
7.1935
7.1945
7.1955
7.1965
7.1975
7.1985
7.1995
7.20051
7.20151
7.20251
7.20351
7.20451
7.20551
7.20651
7.20751
7.20852
7.20952
7.21052
7.21152
7.21252
7.21352
7.21452
7.21553
7.21653
7.21753
7.21853
7.21953
7.22053
7.22153
7.22254
7.22354
7.22454
7.22554
7.22654
7.22754
7.22854
7.22954
7.23055
7.23155
7.23255
7.23355
7.23455
7.23555
7.23655
7.23756
7.23856
7.23956
7.24056
7.24156
7.24256
7.24356
7.24457
7.24557
7.24657
7.24757
7.24857
7.24957
7.25057
7.25157
7.25258
7.25358
7.25458
7.25558
7.25658
7.25758
7.25858
7.25959
7.26059
7.26159
7.26259
7.26359
7.26459
7.26559
7.26659
7.2676
7.2686
7.2696
7.2706
7.2716
7.2726
7.2736
7.27461
7.27561
7.27661
7.27761
7.27861
7.27961
7.28061
7.28162
7.28262
7.28362
7.28462
7.28562
7.28662
7.28762
7.28862
7.28963
7.29063
7.29163
7.29263
7.29363
7.29463
7.29563
7.29664
7.29764
7.29864
7.29964
7.30064
7.30164
7.30264
7.30365
7.30465
7.30565
7.30665
7.30765
7.30865
7.30965
7.31065
7.31166
7.31266
7.31366
7.31466
7.31566
7.31666
7.31766
7.31867
7.31967
7.32067
7.32167
7.32267
7.32367
7.32467
7.32568
7.32668
7.32768
7.32868
7.32968
7.33068
7.33168
7.33268
7.33369
7.33469
7.33569
7.33669
7.33769
7.33869
7.33969
7.3407
7.3417
7.3427
7.3437
7.3447
7.3457
7.3467
7.3477
7.34871
7.34971
7.35071
7.35171
7.35271
7.35371
7.35471
7.35572
7.35672
7.35772
7.35872
7.35972
7.36072
7.36172
7.36273
7.36373
7.36473
7.36573
7.36673
7.36773
7.36873
7.36973
7.37074
7.37174
7.37274
7.37374
7.37474
7.37574
7.37674
7.37775
7.37875
7.37975
7.38075
7.38175
7.38275
7.38375
7.38476
7.38576
7.38676
7.38776
7.38876
7.38976
7.39076
7.39176
7.39277
7.39377
7.39477
7.39577
7.39677
7.39777
7.39877
7.39978
7.40078
7.40178
7.40278
7.40378
7.40478
7.40578
7.40679
7.40779
7.40879
7.40979
7.41079
7.41179
7.41279
7.41379
7.4148
7.4158
7.4168
7.4178
7.4188
7.4198
7.4208
7.42181
7.42281
7.42381
7.42481
7.42581
7.42681
7.42781
7.42881
7.42982
7.43082
7.43182
7.43282
7.43382
7.43482
7.43582
7.43683
7.43783
7.43883
7.43983
7.44083
7.44183
7.44283
7.44384
7.44484
7.44584
7.44684
7.44784
7.44884
7.44984
7.45084
7.45185
7.45285
7.45385
7.45485
7.45585
7.45685
7.45785
7.45886
7.45986
7.46086
7.46186
7.46286
7.46386
7.46486
7.46587
7.46687
7.46787
7.46887
7.46987
7.47087
7.47187
7.47287
7.47388
7.47488
7.47588
7.47688
7.47788
7.47888
7.47988
7.48089
7.48189
7.48289
7.48389
7.48489
7.48589
7.48689
7.4879
7.4889
7.4899
7.4909
7.4919
7.4929
7.4939
7.4949
7.49591
7.49691
7.49791
7.49891
7.49991
7.50091
7.50191
7.50292
7.50392
7.50492
7.50592
7.50692
7.50792
7.50892
7.50992
7.51093
7.51193
7.51293
7.51393
7.51493
7.51593
7.51693
7.51794
7.51894
7.51994
7.52094
7.52194
7.52294
7.52394
7.52495
7.52595
7.52695
7.52795
7.52895
7.52995
7.53095
7.53195
7.53296
7.53396
7.53496
7.53596
7.53696
7.53796
7.53896
7.53997
7.54097
7.54197
7.54297
7.54397
7.54497
7.54597
7.54698
7.54798
7.54898
7.54998
7.55098
7.55198
7.55298
7.55398
7.55499
7.55599
7.55699
7.55799
7.55899
7.55999
7.56099
7.562
7.563
7.564
7.565
7.566
7.567
7.568
7.56901
7.57001
7.57101
7.57201
7.57301
7.57401
7.57501
7.57601
7.57702
7.57802
7.57902
7.58002
7.58102
7.58202
7.58302
7.58403
7.58503
7.58603
7.58703
7.58803
7.58903
7.59003
7.59103
7.59204
7.59304
7.59404
7.59504
7.59604
7.59704
7.59804
7.59905
7.60005
7.60105
7.60205
7.60305
7.60405
7.60505
7.60606
7.60706
7.60806
7.60906
7.61006
7.61106
7.61206
7.61306
7.61407
7.61507
7.61607
7.61707
7.61807
7.61907
7.62007
7.62108
7.62208
7.62308
7.62408
7.62508
7.62608
7.62708
7.62809
7.62909
7.63009
7.63109
7.63209
7.63309
7.63409
7.63509
7.6361
7.6371
7.6381
7.6391
7.6401
7.6411
7.6421
7.64311
7.64411
7.64511
7.64611
7.64711
7.64811
7.64911
7.65012
7.65112
7.65212
7.65312
7.65412
7.65512
7.65612
7.65712
7.65813
7.65913
7.66013
7.66113
7.66213
7.66313
7.66413
7.66514
7.66614
7.66714
7.66814
7.66914
7.67014
7.67114
7.67214
7.67315
7.67415
7.67515
7.67615
7.67715
7.67815
7.67915
7.68016
7.68116
7.68216
7.68316
7.68416
7.68516
7.68616
7.68717
7.68817
7.68917
7.69017
7.69117
7.69217
7.69317
7.69417
7.69518
7.69618
7.69718
7.69818
7.69918
7.70018
7.70118
7.70219
7.70319
7.70419
7.70519
7.70619
7.70719
7.70819
7.7092
7.7102
7.7112
7.7122
7.7132
7.7142
7.7152
7.7162
7.71721
7.71821
7.71921
7.72021
7.72121
7.72221
7.72321
7.72422
7.72522
7.72622
7.72722
7.72822
7.72922
7.73022
7.73123
7.73223
7.73323
7.73423
7.73523
7.73623
7.73723
7.73823
7.73924
7.74024
7.74124
7.74224
7.74324
7.74424
7.74524
7.74625
7.74725
7.74825
7.74925
7.75025
7.75125
7.75225
7.75325
7.75426
7.75526
7.75626
7.75726
7.75826
7.75926
7.76026
7.76127
7.76227
7.76327
7.76427
7.76527
7.76627
7.76727
7.76828
7.76928
7.77028
7.77128
7.77228
7.77328
7.77428
7.77528
7.77629
7.77729
7.77829
7.77929
7.78029
7.78129
7.78229
7.7833
7.7843
7.7853
7.7863
7.7873
7.7883
7.7893
7.79031
7.79131
7.79231
7.79331
7.79431
7.79531
7.79631
7.79731
7.79832
7.79932
7.80032
7.80132
7.80232
7.80332
7.80432
7.80533
7.80633
7.80733
7.80833
7.80933
7.81033
7.81133
7.81234
7.81334
7.81434
7.81534
7.81634
7.81734
7.81834
7.81934
7.82035
7.82135
7.82235
7.82335
7.82435
7.82535
7.82635
7.82736
7.82836
7.82936
7.83036
7.83136
7.83236
7.83336
7.83436
7.83537
7.83637
7.83737
7.83837
7.83937
7.84037
7.84137
7.84238
7.84338
7.84438
7.84538
7.84638
7.84738
7.84838
7.84939
7.85039
7.85139
7.85239
7.85339
7.85439
7.85539
7.85639
7.8574
7.8584
7.8594
7.8604
7.8614
7.8624
7.8634
7.86441
7.86541
7.86641
7.86741
7.86841
7.86941
7.87041
7.87142
7.87242
7.87342
7.87442
7.87542
7.87642
7.87742
7.87842
7.87943
7.88043
7.88143
7.88243
7.88343
7.88443
7.88543
7.88644
7.88744
7.88844
7.88944
7.89044
7.89144
7.89244
7.89345
7.89445
7.89545
7.89645
7.89745
7.89845
7.89945
7.90045
7.90146
7.90246
7.90346
7.90446
7.90546
7.90646
7.90746
7.90847
7.90947
7.91047
7.91147
7.91247
7.91347
7.91447
7.91547
7.91648
7.91748
7.91848
7.91948
7.92048
7.92148
7.92248
7.92349
7.92449
7.92549
7.92649
7.92749
7.92849
7.92949
7.9305
7.9315
7.9325
7.9335
7.9345
7.9355
7.9365
7.9375
7.93851
7.93951
7.94051
7.94151
7.94251
7.94351
7.94451
7.94552
7.94652
7.94752
7.94852
7.94952
7.95052
7.95152
7.95253
7.95353
7.95453
7.95553
7.95653
7.95753
7.95853
7.95953
7.96054
7.96154
7.96254
7.96354
7.96454
7.96554
7.96654
7.96755
7.96855
7.96955
7.97055
7.97155
7.97255
7.97355
7.97456
7.97556
7.97656
7.97756
7.97856
7.97956
7.98056
7.98156
7.98257
7.98357
7.98457
7.98557
7.98657
7.98757
7.98857
7.98958
7.99058
7.99158
7.99258
7.99358
7.99458
7.99558
7.99658
7.99759
7.99859
7.99959
8.00059
8.00159
8.00259
8.00359
8.0046
8.0056
8.0066
8.0076
8.0086
8.0096
8.0106
8.01161
8.01261
8.01361
8.01461
8.01561
8.01661
8.01761
8.01861
8.01962
8.02062
8.02162
8.02262
8.02362
8.02462
8.02562
8.02663
8.02763
8.02863
8.02963
8.03063
8.03163
8.03263
8.03364
8.03464
8.03564
8.03664
8.03764
8.03864
8.03964
8.04064
8.04165
8.04265
8.04365
8.04465
8.04565
8.04665
8.04765
8.04866
8.04966
8.05066
8.05166
8.05266
8.05366
8.05466
8.05567
8.05667
8.05767
8.05867
8.05967
8.06067
8.06167
8.06267
8.06368
8.06468
8.06568
8.06668
8.06768
8.06868
8.06968
8.07069
8.07169
8.07269
8.07369
8.07469
8.07569
8.07669
8.07769
8.0787
8.0797
8.0807
8.0817
8.0827
8.0837
8.0847
8.08571
8.08671
8.08771
8.08871
8.08971
8.09071
8.09171
8.09272
8.09372
8.09472
8.09572
8.09672
8.09772
8.09872
8.09972
8.10073
8.10173
8.10273
8.10373
8.10473
8.10573
8.10673
8.10774
8.10874
8.10974
8.11074
8.11174
8.11274
8.11374
8.11475
8.11575
8.11675
8.11775
8.11875
8.11975
8.12075
8.12175
8.12276
8.12376
8.12476
8.12576
8.12676
8.12776
8.12876
8.12977
8.13077
8.13177
8.13277
8.13377
8.13477
8.13577
8.13678
8.13778
8.13878
8.13978
8.14078
8.14178
8.14278
8.14378
8.14479
8.14579
8.14679
8.14779
8.14879
8.14979
8.15079
8.1518
8.1528
8.1538
8.1548
8.1558
8.1568
8.1578
8.1588
8.15981
8.16081
8.16181
8.16281
8.16381
8.16481
8.16581
8.16682
8.16782
8.16882
8.16982
8.17082
8.17182
8.17282
8.17383
8.17483
8.17583
8.17683
8.17783
8.17883
8.17983
8.18083
8.18184
8.18284
8.18384
8.18484
8.18584
8.18684
8.18784
8.18885
8.18985
8.19085
8.19185
8.19285
8.19385
8.19485
8.19586
8.19686
8.19786
8.19886
8.19986
8.20086
8.20186
8.20286
8.20387
8.20487
8.20587
8.20687
8.20787
8.20887
8.20987
8.21088
8.21188
8.21288
8.21388
8.21488
8.21588
8.21688
8.21789
8.21889
8.21989
8.22089
8.22189
8.22289
8.22389
8.22489
8.2259
8.2269
8.2279
8.2289
8.2299
8.2309
8.2319
8.23291
8.23391
8.23491
8.23591
8.23691
8.23791
8.23891
8.23991
8.24092
8.24192
8.24292
8.24392
8.24492
8.24592
8.24692
8.24793
8.24893
8.24993
8.25093
8.25193
8.25293
8.25393
8.25494
8.25594
8.25694
8.25794
8.25894
8.25994
8.26094
8.26194
8.26295
8.26395
8.26495
8.26595
8.26695
8.26795
8.26895
8.26996
8.27096
8.27196
8.27296
8.27396
8.27496
8.27596
8.27697
8.27797
8.27897
8.27997
8.28097
8.28197
8.28297
8.28397
8.28498
8.28598
8.28698
8.28798
8.28898
8.28998
8.29098
8.29199
8.29299
8.29399
8.29499
8.29599
8.29699
8.29799
8.299
8.3
8.301
8.302
8.303
8.304
8.305
8.306
8.30701
8.30801
8.30901
8.31001
8.31101
8.31201
8.31301
8.31402
8.31502
8.31602
8.31702
8.31802
8.31902
8.32002
8.32102
8.32203
8.32303
8.32403
8.32503
8.32603
8.32703
8.32803
8.32904
8.33004
8.33104
8.33204
8.33304
8.33404
8.33504
8.33605
8.33705
8.33805
8.33905
8.34005
8.34105
8.34205
8.34305
8.34406
8.34506
8.34606
8.34706
8.34806
8.34906
8.35006
8.35107
8.35207
8.35307
8.35407
8.35507
8.35607
8.35707
8.35808
8.35908
8.36008
8.36108
8.36208
8.36308
8.36408
8.36508
8.36609
8.36709
8.36809
8.36909
8.37009
8.37109
8.37209
8.3731
8.3741
8.3751
8.3761
8.3771
8.3781
8.3791
8.38011
8.38111
8.38211
8.38311
8.38411
8.38511
8.38611
8.38711
8.38812
8.38912
8.39012
8.39112
8.39212
8.39312
8.39412
8.39513
8.39613
8.39713
8.39813
8.39913
8.40013
8.40113
8.40213
8.40314
8.40414
8.40514
8.40614
8.40714
8.40814
8.40914
8.41015
8.41115
8.41215
8.41315
8.41415
8.41515
8.41615
8.41716
8.41816
8.41916
8.42016
8.42116
8.42216
8.42316
8.42416
8.42517
8.42617
8.42717
8.42817
8.42917
8.43017
8.43117
8.43218
8.43318
8.43418
8.43518
8.43618
8.43718
8.43818
8.43919
8.44019
8.44119
8.44219
8.44319
8.44419
8.44519
8.44619
8.4472
8.4482
8.4492
8.4502
8.4512
8.4522
8.4532
8.45421
8.45521
8.45621
8.45721
8.45821
8.45921
8.46021
8.46122
8.46222
8.46322
8.46422
8.46522
8.46622
8.46722
8.46822
8.46923
8.47023
8.47123
8.47223
8.47323
8.47423
8.47523
8.47624
8.47724
8.47824
8.47924
8.48024
8.48124
8.48224
8.48324
8.48425
8.48525
8.48625
8.48725
8.48825
8.48925
8.49025
8.49126
8.49226
8.49326
8.49426
8.49526
8.49626
8.49726
8.49827
8.49927
8.50027
8.50127
8.50227
8.50327
8.50427
8.50527
8.50628
8.50728
8.50828
8.50928
8.51028
8.51128
8.51228
8.51329
8.51429
8.51529
8.51629
8.51729
8.51829
8.51929
8.5203
8.5213
8.5223
8.5233
8.5243
8.5253
8.5263
8.5273
8.52831
8.52931
8.53031
8.53131
8.53231
8.53331
8.53431
8.53532
8.53632
8.53732
8.53832
8.53932
8.54032
8.54132
8.54233
8.54333
8.54433
8.54533
8.54633
8.54733
8.54833
8.54933
8.55034
8.55134
8.55234
8.55334
8.55434
8.55534
8.55634
8.55735
8.55835
8.55935
8.56035
8.56135
8.56235
8.56335
8.56435
8.56536
8.56636
8.56736
8.56836
8.56936
8.57036
8.57136
8.57237
8.57337
8.57437
8.57537
8.57637
8.57737
8.57837
8.57938
8.58038
8.58138
8.58238
8.58338
8.58438
8.58538
8.58638
8.58739
8.58839
8.58939
8.59039
8.59139
8.59239
8.59339
8.5944
8.5954
8.5964
8.5974
8.5984
8.5994
8.6004
8.60141
8.60241
8.60341
8.60441
8.60541
8.60641
8.60741
8.60841
8.60942
8.61042
8.61142
8.61242
8.61342
8.61442
8.61542
8.61643
8.61743
8.61843
8.61943
8.62043
8.62143
8.62243
8.62344
8.62444
8.62544
8.62644
8.62744
8.62844
8.62944
8.63044
8.63145
8.63245
8.63345
8.63445
8.63545
8.63645
8.63745
8.63846
8.63946
8.64046
8.64146
8.64246
8.64346
8.64446
8.64546
8.64647
8.64747
8.64847
8.64947
8.65047
8.65147
8.65247
8.65348
8.65448
8.65548
8.65648
8.65748
8.65848
8.65948
8.66049
8.66149
8.66249
8.66349
8.66449
8.66549
8.66649
8.66749
8.6685
8.6695
8.6705
8.6715
8.6725
8.6735
8.6745
8.67551
8.67651
8.67751
8.67851
8.67951
8.68051
8.68151
8.68252
8.68352
8.68452
8.68552
8.68652
8.68752
8.68852
8.68952
8.69053
8.69153
8.69253
8.69353
8.69453
8.69553
8.69653
8.69754
8.69854
8.69954
8.70054
8.70154
8.70254
8.70354
8.70455
8.70555
8.70655
8.70755
8.70855
8.70955
8.71055
8.71155
8.71256
8.71356
8.71456
8.71556
8.71656
8.71756
8.71856
8.71957
8.72057
8.72157
8.72257
8.72357
8.72457
8.72557
8.72657
8.72758
8.72858
8.72958
8.73058
8.73158
8.73258
8.73358
8.73459
8.73559
8.73659
8.73759
8.73859
8.73959
8.74059
8.7416
8.7426
8.7436
8.7446
8.7456
8.7466
8.7476
8.7486
8.74961
8.75061
8.75161
8.75261
8.75361
8.75461
8.75561
8.75662
8.75762
8.75862
8.75962
8.76062
8.76162
8.76262
8.76363
8.76463
8.76563
8.76663
8.76763
8.76863
8.76963
8.77063
8.77164
8.77264
8.77364
8.77464
8.77564
8.77664
8.77764
8.77865
8.77965
8.78065
8.78165
8.78265
8.78365
8.78465
8.78566
8.78666
8.78766
8.78866
8.78966
8.79066
8.79166
8.79266
8.79367
8.79467
8.79567
8.79667
8.79767
8.79867
8.79967
8.80068
8.80168
8.80268
8.80368
8.80468
8.80568
8.80668
8.80768
8.80869
8.80969
8.81069
8.81169
8.81269
8.81369
8.81469
8.8157
8.8167
8.8177
8.8187
8.8197
8.8207
8.8217
8.82271
8.82371
8.82471
8.82571
8.82671
8.82771
8.82871
8.82971
8.83072
8.83172
8.83272
8.83372
8.83472
8.83572
8.83672
8.83773
8.83873
8.83973
8.84073
8.84173
8.84273
8.84373
8.84474
8.84574
8.84674
8.84774
8.84874
8.84974
8.85074
8.85174
8.85275
8.85375
8.85475
8.85575
8.85675
8.85775
8.85875
8.85976
8.86076
8.86176
8.86276
8.86376
8.86476
8.86576
8.86677
8.86777
8.86877
8.86977
8.87077
8.87177
8.87277
8.87377
8.87478
8.87578
8.87678
8.87778
8.87878
8.87978
8.88078
8.88179
8.88279
8.88379
8.88479
8.88579
8.88679
8.88779
8.88879
8.8898
8.8908
8.8918
8.8928
8.8938
8.8948
8.8958
8.89681
8.89781
8.89881
8.89981
8.90081
8.90181
8.90281
8.90382
8.90482
8.90582
8.90682
8.90782
8.90882
8.90982
8.91082
8.91183
8.91283
8.91383
8.91483
8.91583
8.91683
8.91783
8.91884
8.91984
8.92084
8.92184
8.92284
8.92384
8.92484
8.92585
8.92685
8.92785
8.92885
8.92985
8.93085
8.93185
8.93285
8.93386
8.93486
8.93586
8.93686
8.93786
8.93886
8.93986
8.94087
8.94187
8.94287
8.94387
8.94487
8.94587
8.94687
8.94788
8.94888
8.94988
8.95088
8.95188
8.95288
8.95388
8.95488
8.95589
8.95689
8.95789
8.95889
8.95989
8.96089
8.96189
8.9629
8.9639
8.9649
8.9659
8.9669
8.9679
8.9689
8.9699
8.97091
8.97191
8.97291
8.97391
8.97491
8.97591
8.97691
8.97792
8.97892
8.97992
8.98092
8.98192
8.98292
8.98392
8.98493
8.98593
8.98693
8.98793
8.98893
8.98993
8.99093
8.99193
8.99294
8.99394
8.99494
8.99594
8.99694
8.99794
8.99894
8.99995
9.00095
9.00195
9.00295
9.00395
9.00495
9.00595
9.00696
9.00796
9.00896
9.00996
9.01096
9.01196
9.01296
9.01396
9.01497
9.01597
9.01697
9.01797
9.01897
9.01997
9.02097
9.02198
9.02298
9.02398
9.02498
9.02598
9.02698
9.02798
9.02899
9.02999
9.03099
9.03199
9.03299
9.03399
9.03499
9.03599
9.037
9.038
9.039
9.04
9.041
9.042
9.043
9.04401
9.04501
9.04601
9.04701
9.04801
9.04901
9.05001
9.05101
9.05202
9.05302
9.05402
9.05502
9.05602
9.05702
9.05802
9.05903
9.06003
9.06103
9.06203
9.06303
9.06403
9.06503
9.06604
9.06704
9.06804
9.06904
9.07004
9.07104
9.07204
9.07304
9.07405
9.07505
9.07605
9.07705
9.07805
9.07905
9.08005
9.08106
9.08206
9.08306
9.08406
9.08506
9.08606
9.08706
9.08807
9.08907
9.09007
9.09107
9.09207
9.09307
9.09407
9.09507
9.09608
9.09708
9.09808
9.09908
9.10008
9.10108
9.10208
9.10309
9.10409
9.10509
9.10609
9.10709
9.10809
9.10909
9.1101
9.1111
9.1121
9.1131
9.1141
9.1151
9.1161
9.1171
9.11811
9.11911
9.12011
9.12111
9.12211
9.12311
9.12411
9.12512
9.12612
9.12712
9.12812
9.12912
9.13012
9.13112
9.13212
9.13313
9.13413
9.13513
9.13613
9.13713
9.13813
9.13913
9.14014
9.14114
9.14214
9.14314
9.14414
9.14514
9.14614
9.14715
9.14815
9.14915
9.15015
9.15115
9.15215
9.15315
9.15415
9.15516
9.15616
9.15716
9.15816
9.15916
9.16016
9.16116
9.16217
9.16317
9.16417
9.16517
9.16617
9.16717
9.16817
9.16918
9.17018
9.17118
9.17218
9.17318
9.17418
9.17518
9.17618
9.17719
9.17819
9.17919
9.18019
9.18119
9.18219
9.18319
9.1842
9.1852
9.1862
9.1872
9.1882
9.1892
9.1902
9.19121
9.19221
9.19321
9.19421
9.19521
9.19621
9.19721
9.19821
9.19922
9.20022
9.20122
9.20222
9.20322
9.20422
9.20522
9.20623
9.20723
9.20823
9.20923
9.21023
9.21123
9.21223
9.21323
9.21424
9.21524
9.21624
9.21724
9.21824
9.21924
9.22024
9.22125
9.22225
9.22325
9.22425
9.22525
9.22625
9.22725
9.22826
9.22926
9.23026
9.23126
9.23226
9.23326
9.23426
9.23526
9.23627
9.23727
9.23827
9.23927
9.24027
9.24127
9.24227
9.24328
9.24428
9.24528
9.24628
9.24728
9.24828
9.24928
9.25029
9.25129
9.25229
9.25329
9.25429
9.25529
9.25629
9.25729
9.2583
9.2593
9.2603
9.2613
9.2623
9.2633
9.2643
9.26531
9.26631
9.26731
9.26831
9.26931
9.27031
9.27131
9.27232
9.27332
9.27432
9.27532
9.27632
9.27732
9.27832
9.27932
9.28033
9.28133
9.28233
9.28333
9.28433
9.28533
9.28633
9.28734
9.28834
9.28934
9.29034
9.29134
9.29234
9.29334
9.29434
9.29535
9.29635
9.29735
9.29835
9.29935
9.30035
9.30135
9.30236
9.30336
9.30436
9.30536
9.30636
9.30736
9.30836
9.30937
9.31037
9.31137
9.31237
9.31337
9.31437
9.31537
9.31637
9.31738
9.31838
9.31938
9.32038
9.32138
9.32238
9.32338
9.32439
9.32539
9.32639
9.32739
9.32839
9.32939
9.33039
9.3314
9.3324
9.3334
9.3344
9.3354
9.3364
9.3374
9.3384
9.33941
9.34041
9.34141
9.34241
9.34341
9.34441
9.34541
9.34642
9.34742
9.34842
9.34942
9.35042
9.35142
9.35242
9.35343
9.35443
9.35543
9.35643
9.35743
9.35843
9.35943
9.36043
9.36144
9.36244
9.36344
9.36444
9.36544
9.36644
9.36744
9.36845
9.36945
9.37045
9.37145
9.37245
9.37345
9.37445
9.37545
9.37646
9.37746
9.37846
9.37946
9.38046
9.38146
9.38246
9.38347
9.38447
9.38547
9.38647
9.38747
9.38847
9.38947
9.39048
9.39148
9.39248
9.39348
9.39448
9.39548
9.39648
9.39748
9.39849
9.39949
9.40049
9.40149
9.40249
9.40349
9.40449
9.4055
9.4065
9.4075
9.4085
9.4095
9.4105
9.4115
9.41251
9.41351
9.41451
9.41551
9.41651
9.41751
9.41851
9.41951
9.42052
9.42152
9.42252
9.42352
9.42452
9.42552
9.42652
9.42753
9.42853
9.42953
9.43053
9.43153
9.43253
9.43353
9.43454
9.43554
9.43654
9.43754
9.43854
9.43954
9.44054
9.44154
9.44255
9.44355
9.44455
9.44555
9.44655
9.44755
9.44855
9.44956
9.45056
9.45156
9.45256
9.45356
9.45456
9.45556
9.45656
9.45757
9.45857
9.45957
9.46057
9.46157
9.46257
9.46357
9.46458
9.46558
9.46658
9.46758
9.46858
9.46958
9.47058
9.47159
9.47259
9.47359
9.47459
9.47559
9.47659
9.47759
9.47859
9.4796
9.4806
9.4816
9.4826
9.4836
9.4846
9.4856
9.48661
9.48761
9.48861
9.48961
9.49061
9.49161
9.49261
9.49362
9.49462
9.49562
9.49662
9.49762
9.49862
9.49962
9.50062
9.50163
9.50263
9.50363
9.50463
9.50563
9.50663
9.50763
9.50864
9.50964
9.51064
9.51164
9.51264
9.51364
9.51464
9.51565
9.51665
9.51765
9.51865
9.51965
9.52065
9.52165
9.52265
9.52366
9.52466
9.52566
9.52666
9.52766
9.52866
9.52966
9.53067
9.53167
9.53267
9.53367
9.53467
9.53567
9.53667
9.53767
9.53868
9.53968
9.54068
9.54168
9.54268
9.54368
9.54468
9.54569
9.54669
9.54769
9.54869
9.54969
9.55069
9.55169
9.5527
9.5537
9.5547
9.5557
9.5567
9.5577
9.5587
9.5597
9.56071
9.56171
9.56271
9.56371
9.56471
9.56571
9.56671
9.56772
9.56872
9.56972
9.57072
9.57172
9.57272
9.57372
9.57473
9.57573
9.57673
9.57773
9.57873
9.57973
9.58073
9.58173
9.58274
9.58374
9.58474
9.58574
9.58674
9.58774
9.58874
9.58975
9.59075
9.59175
9.59275
9.59375
9.59475
9.59575
9.59676
9.59776
9.59876
9.59976
9.60076
9.60176
9.60276
9.60376
9.60477
9.60577
9.60677
9.60777
9.60877
9.60977
9.61077
9.61178
9.61278
9.61378
9.61478
9.61578
9.61678
9.61778
9.61878
9.61979
9.62079
9.62179
9.62279
9.62379
9.62479
9.62579
9.6268
9.6278
9.6288
9.6298
9.6308
9.6318
9.6328
9.63381
9.63481
9.63581
9.63681
9.63781
9.63881
9.63981
9.64081
9.64182
9.64282
9.64382
9.64482
9.64582
9.64682
9.64782
9.64883
9.64983
9.65083
9.65183
9.65283
9.65383
9.65483
9.65584
9.65684
9.65784
9.65884
9.65984
9.66084
9.66184
9.66284
9.66385
9.66485
9.66585
9.66685
9.66785
9.66885
9.66985
9.67086
9.67186
9.67286
9.67386
9.67486
9.67586
9.67686
9.67787
9.67887
9.67987
9.68087
9.68187
9.68287
9.68387
9.68487
9.68588
9.68688
9.68788
9.68888
9.68988
9.69088
9.69188
9.69289
9.69389
9.69489
9.69589
9.69689
9.69789
9.69889
9.69989
9.7009
9.7019
9.7029
9.7039
9.7049
9.7059
9.7069
9.70791
9.70891
9.70991
9.71091
9.71191
9.71291
9.71391
9.71492
9.71592
9.71692
9.71792
9.71892
9.71992
9.72092
9.72192
9.72293
9.72393
9.72493
9.72593
9.72693
9.72793
9.72893
9.72994
9.73094
9.73194
9.73294
9.73394
9.73494
9.73594
9.73695
9.73795
9.73895
9.73995
9.74095
9.74195
9.74295
9.74395
9.74496
9.74596
9.74696
9.74796
9.74896
9.74996
9.75096
9.75197
9.75297
9.75397
9.75497
9.75597
9.75697
9.75797
9.75898
9.75998
9.76098
9.76198
9.76298
9.76398
9.76498
9.76598
9.76699
9.76799
9.76899
9.76999
9.77099
9.77199
9.77299
9.774
9.775
9.776
9.777
9.778
9.779
9.78
9.781
9.78201
9.78301
9.78401
9.78501
9.78601
9.78701
9.78801
9.78902
9.79002
9.79102
9.79202
9.79302
9.79402
9.79502
9.79603
9.79703
9.79803
9.79903
9.80003
9.80103
9.80203
9.80303
9.80404
9.80504
9.80604
9.80704
9.80804
9.80904
9.81004
9.81105
9.81205
9.81305
9.81405
9.81505
9.81605
9.81705
9.81806
9.81906
9.82006
9.82106
9.82206
9.82306
9.82406
9.82506
9.82607
9.82707
9.82807
9.82907
9.83007
9.83107
9.83207
9.83308
9.83408
9.83508
9.83608
9.83708
9.83808
9.83908
9.84009
9.84109
9.84209
9.84309
9.84409
9.84509
9.84609
9.84709
9.8481
9.8491
9.8501
9.8511
9.8521
9.8531
9.8541
9.85511
9.85611
9.85711
9.85811
9.85911
9.86011
9.86111
9.86211
9.86312
9.86412
9.86512
9.86612
9.86712
9.86812
9.86912
9.87013
9.87113
9.87213
9.87313
9.87413
9.87513
9.87613
9.87714
9.87814
9.87914
9.88014
9.88114
9.88214
9.88314
9.88414
9.88515
9.88615
9.88715
9.88815
9.88915
9.89015
9.89115
9.89216
9.89316
9.89416
9.89516
9.89616
9.89716
9.89816
9.89917
9.90017
9.90117
9.90217
9.90317
9.90417
9.90517
9.90617
9.90718
9.90818
9.90918
9.91018
9.91118
9.91218
9.91318
9.91419
9.91519
9.91619
9.91719
9.91819
9.91919
9.92019
9.9212
9.9222
9.9232
9.9242
9.9252
9.9262
9.9272
9.9282
9.92921
9.93021
9.93121
9.93221
9.93321
9.93421
9.93521
9.93622
9.93722
9.93822
9.93922
9.94022
9.94122
9.94222
9.94322
9.94423
9.94523
9.94623
9.94723
9.94823
9.94923
9.95023
9.95124
9.95224
9.95324
9.95424
9.95524
9.95624
9.95724
9.95825
9.95925
9.96025
9.96125
9.96225
9.96325
9.96425
9.96525
9.96626
9.96726
9.96826
9.96926
9.97026
9.97126
9.97226
9.97327
9.97427
9.97527
9.97627
9.97727
9.97827
9.97927
9.98028
9.98128
9.98228
9.98328
9.98428
9.98528
9.98628
9.98728
9.98829
9.98929
9.99029
9.99129
9.99229
9.99329
9.99429
9.9953
9.9963
9.9973
9.9983
9.9993
10.0003
10.0013
10.0023
10.0033
10.0043
10.0053
10.0063
