-0.000194581 -0.478789 
-0.000485172 -0.478498 
-0.000775196 -0.478208 
-0.00106465 -0.477919 
-0.00135354 -0.47763 
-0.00164186 -0.477342 
-0.00192961 -0.477054 
-0.00221679 -0.476767 
-0.00250339 -0.47648 
-0.00278943 -0.476194 
-0.00307489 -0.475909 
-0.00335977 -0.475624 
-0.00364409 -0.475339 
-0.00392782 -0.475056 
-0.00421098 -0.474773 
-0.00449357 -0.47449 
-0.00477558 -0.474208 
-0.00505701 -0.473927 
-0.00533786 -0.473646 
-0.00561813 -0.473365 
-0.00589782 -0.473086 
-0.00617693 -0.472807 
-0.00645546 -0.472528 
-0.00673341 -0.47225 
-0.00701078 -0.471973 
-0.00728756 -0.471696 
-0.00756376 -0.47142 
-0.00783938 -0.471144 
-0.00811441 -0.470869 
-0.00838886 -0.470595 
-0.00866272 -0.470321 
-0.00893599 -0.470048 
-0.00920868 -0.469775 
-0.00948078 -0.469503 
-0.00975229 -0.469231 
-0.0100232 -0.46896 
-0.0102935 -0.46869 
-0.0105633 -0.46842 
-0.0108325 -0.468151 
-0.011101 -0.467883 
-0.011369 -0.467615 
-0.0116364 -0.467347 
-0.0119032 -0.46708 
-0.0121694 -0.466814 
-0.012435 -0.466549 
-0.0127 -0.466284 
-0.0129644 -0.466019 
-0.0132282 -0.465755 
-0.0134915 -0.465492 
-0.0137541 -0.465229 
-0.0140162 -0.464967 
-0.0142776 -0.464706 
-0.0145385 -0.464445 
-0.0147987 -0.464185 
-0.0150584 -0.463925 
-0.0153175 -0.463666 
-0.0155759 -0.463408 
-0.0158338 -0.46315 
-0.0160911 -0.462892 
-0.0163478 -0.462636 
-0.0166039 -0.46238 
-0.0168593 -0.462124 
-0.0171142 -0.461869 
-0.0173685 -0.461615 
-0.0176222 -0.461361 
-0.0178753 -0.461108 
-0.0181278 -0.460856 
-0.0183797 -0.460604 
-0.018631 -0.460353 
-0.0188817 -0.460102 
-0.0191318 -0.459852 
-0.0193813 -0.459602 
-0.0196302 -0.459353 
-0.0198785 -0.459105 
-0.0201262 -0.458857 
-0.0203733 -0.45861 
-0.0206198 -0.458364 
-0.0208656 -0.458118 
-0.0211109 -0.457873 
-0.0213556 -0.457628 
-0.0215997 -0.457384 
-0.0218432 -0.45714 
-0.0220861 -0.456897 
-0.0223284 -0.456655 
-0.0225701 -0.456413 
-0.0228112 -0.456172 
-0.0230517 -0.455932 
-0.0232915 -0.455692 
-0.0235308 -0.455453 
-0.0237695 -0.455214 
-0.0240076 -0.454976 
-0.0242451 -0.454738 
-0.024482 -0.454502 
-0.0247182 -0.454265 
-0.0249539 -0.45403 
-0.025189 -0.453795 
-0.0254235 -0.45356 
-0.0256573 -0.453326 
-0.0258906 -0.453093 
-0.0261233 -0.45286 
-0.0263554 -0.452628 
-0.0265868 -0.452397 
-0.0268177 -0.452166 
-0.027048 -0.451936 
-0.0272777 -0.451706 
-0.0275067 -0.451477 
-0.0277352 -0.451248 
-0.0279631 -0.45102 
-0.0281904 -0.450793 
-0.028417 -0.450567 
-0.0286431 -0.45034 
-0.0288686 -0.450115 
-0.0290935 -0.44989 
-0.0293178 -0.449666 
-0.0295414 -0.449442 
-0.0297645 -0.449219 
-0.029987 -0.448997 
-0.0302089 -0.448775 
-0.0304302 -0.448553 
-0.0306509 -0.448333 
-0.030871 -0.448113 
-0.0310905 -0.447893 
-0.0313094 -0.447674 
-0.0315277 -0.447456 
-0.0317454 -0.447238 
-0.0319625 -0.447021 
-0.0321791 -0.446805 
-0.032395 -0.446589 
-0.0326103 -0.446373 
-0.0328251 -0.446158 
-0.0330392 -0.445944 
-0.0332528 -0.445731 
-0.0334657 -0.445518 
-0.0336781 -0.445305 
-0.0338899 -0.445094 
-0.0341011 -0.444883 
-0.0343117 -0.444672 
-0.0345217 -0.444462 
-0.0347311 -0.444253 
-0.0349399 -0.444044 
-0.0351481 -0.443835 
-0.0353558 -0.443628 
-0.0355628 -0.443421 
-0.0357693 -0.443214 
-0.0359751 -0.443008 
-0.0361804 -0.442803 
-0.0363851 -0.442598 
-0.0365892 -0.442394 
-0.0367928 -0.442191 
-0.0369957 -0.441988 
-0.0371981 -0.441786 
-0.0373998 -0.441584 
-0.037601 -0.441383 
-0.0378016 -0.441182 
-0.0380016 -0.440982 
-0.0382011 -0.440782 
-0.0383999 -0.440584 
-0.0385982 -0.440385 
-0.0387959 -0.440188 
-0.038993 -0.439991 
-0.0391895 -0.439794 
-0.0393855 -0.439598 
-0.0395808 -0.439403 
-0.0397756 -0.439208 
-0.0399698 -0.439014 
-0.0401635 -0.43882 
-0.0403565 -0.438627 
-0.040549 -0.438435 
-0.0407409 -0.438243 
-0.0409322 -0.438051 
-0.041123 -0.437861 
-0.0413132 -0.43767 
-0.0415028 -0.437481 
-0.0416918 -0.437292 
-0.0418803 -0.437103 
-0.0420682 -0.436915 
-0.0422555 -0.436728 
-0.0424423 -0.436541 
-0.0426284 -0.436355 
-0.042814 -0.43617 
-0.0429991 -0.435984 
-0.0431836 -0.4358 
-0.0433675 -0.435616 
-0.0435508 -0.435433 
-0.0437336 -0.43525 
-0.0439158 -0.435068 
-0.0440975 -0.434886 
-0.0442785 -0.434705 
-0.0444591 -0.434525 
-0.044639 -0.434345 
-0.0448184 -0.434165 
-0.0449973 -0.433986 
-0.0451755 -0.433808 
-0.0453533 -0.43363 
-0.0455304 -0.433453 
-0.045707 -0.433277 
-0.0458831 -0.4331 
-0.0460586 -0.432925 
-0.0462335 -0.43275 
-0.0464079 -0.432576 
-0.0465817 -0.432402 
-0.046755 -0.432229 
-0.0469277 -0.432056 
-0.0470999 -0.431884 
-0.0472715 -0.431712 
-0.0474426 -0.431541 
-0.0476131 -0.43137 
-0.0477831 -0.431201 
-0.0479525 -0.431031 
-0.0481214 -0.430862 
-0.0482897 -0.430694 
-0.0484575 -0.430526 
-0.0486247 -0.430359 
-0.0487914 -0.430192 
-0.0489576 -0.430026 
-0.0491232 -0.42986 
-0.0492883 -0.429695 
-0.0494528 -0.429531 
-0.0496168 -0.429367 
-0.0497802 -0.429203 
-0.0499432 -0.42904 
-0.0501055 -0.428878 
-0.0502674 -0.428716 
-0.0504287 -0.428555 
-0.0505895 -0.428394 
-0.0507497 -0.428234 
-0.0509094 -0.428074 
-0.0510686 -0.427915 
-0.0512273 -0.427756 
-0.0513854 -0.427598 
-0.051543 -0.427441 
-0.0517 -0.427284 
-0.0518566 -0.427127 
-0.0520126 -0.426971 
-0.052168 -0.426816 
-0.052323 -0.426661 
-0.0524774 -0.426506 
-0.0526314 -0.426352 
-0.0527847 -0.426199 
-0.0529376 -0.426046 
-0.05309 -0.425894 
-0.0532418 -0.425742 
-0.0533931 -0.42559 
-0.0535439 -0.42544 
-0.0536942 -0.425289 
-0.053844 -0.42514 
-0.0539932 -0.42499 
-0.0541419 -0.424842 
-0.0542902 -0.424693 
-0.0544379 -0.424546 
-0.0545851 -0.424398 
-0.0547318 -0.424252 
-0.054878 -0.424106 
-0.0550236 -0.42396 
-0.0551688 -0.423815 
-0.0553135 -0.42367 
-0.0554576 -0.423526 
-0.0556013 -0.423382 
-0.0557445 -0.423239 
-0.0558871 -0.423096 
-0.0560293 -0.422954 
-0.0561709 -0.422813 
-0.0563121 -0.422671 
-0.0564527 -0.422531 
-0.0565929 -0.422391 
-0.0567326 -0.422251 
-0.0568717 -0.422112 
-0.0570104 -0.421973 
-0.0571486 -0.421835 
-0.0572863 -0.421697 
-0.0574235 -0.42156 
-0.0575602 -0.421423 
-0.0576964 -0.421287 
-0.0578321 -0.421151 
-0.0579674 -0.421016 
-0.0581022 -0.420881 
-0.0582364 -0.420747 
-0.0583702 -0.420613 
-0.0585035 -0.42048 
-0.0586364 -0.420347 
-0.0587687 -0.420215 
-0.0589006 -0.420083 
-0.059032 -0.419952 
-0.0591629 -0.419821 
-0.0592933 -0.41969 
-0.0594233 -0.41956 
-0.0595528 -0.419431 
-0.0596818 -0.419302 
-0.0598103 -0.419173 
-0.0599384 -0.419045 
-0.060066 -0.418918 
-0.0601931 -0.41879 
-0.0603198 -0.418664 
-0.060446 -0.418538 
-0.0605717 -0.418412 
-0.060697 -0.418287 
-0.0608218 -0.418162 
-0.0609461 -0.418037 
-0.06107 -0.417914 
-0.0611934 -0.41779 
