-0.0102679 -0.0556752 0.0257446 
-0.00858223 -0.0220175 -0.00959886 
-0.00688967 0.0116461 -0.0449549 
-0.00519128 0.0452603 -0.0802676 
-0.00348808 0.0787708 -0.115481 
-0.00178111 0.112124 -0.150541 
-7.14107e-005 0.145268 -0.185395 
0.00163998 0.178152 -0.219991 
0.00335203 0.210729 -0.25428 
0.00506369 0.242953 -0.288215 
0.00677392 0.274783 -0.321755 
0.00848172 0.306179 -0.354859 
0.0101861 0.337105 -0.38749 
0.0118859 0.367531 -0.419615 
0.0135804 0.397427 0.268259 
0.0152721 0.426971 0.237023 
0.0169638 0.456332 0.205971 
0.0186549 0.485469 0.175142 
0.0203448 0.514345 0.144576 
0.0220331 0.542924 0.114309 
0.0237194 0.57117 0.0843767 
0.0254035 0.599053 0.0548098 
0.027085 0.626543 0.0256379 
0.028764 0.653614 -0.00311224 
0.0304403 0.680243 -0.031417 
0.0321138 0.706408 -0.0592556 
0.0337845 0.732091 -0.0866097 
0.0354525 0.757278 -0.113464 
0.0371179 0.781954 -0.139806 
0.0387807 0.806111 -0.165625 
0.0404409 0.82974 -0.190915 
0.0420987 0.852836 -0.215668 
0.0437541 0.875395 -0.239883 
0.0454071 0.897416 -0.263557 
0.0470579 0.9189 -0.286691 
0.0487064 0.939848 -0.309288 
0.0503526 0.960264 -0.331351 
0.0519965 0.980154 -0.352884 
0.053638 0.999523 -0.373894 
0.055277 1.01838 -0.394389 
0.0569134 1.03673 -0.414375 
0.058547 1.05458 -0.433862 
0.0601777 1.07195 -0.452858 
0.0618052 1.08884 -0.471375 
0.0634293 1.10526 0.171054 
0.0650502 1.12128 0.15341 
0.066668 1.13697 0.136103 
0.0682824 1.15232 0.119135 
0.0698931 1.16735 0.102502 
0.0714999 1.18204 0.0862045 
0.0731024 1.1964 0.0702388 
0.0747003 1.21044 0.054602 
0.0762935 1.22416 0.0392907 
0.0778815 1.23756 0.0243009 
0.079464 1.25065 0.00962832 
0.0810409 1.26343 -0.00473179 
0.0826118 1.27591 -0.0187843 
0.0841764 1.2881 -0.0325344 
0.738198 1.29999 -0.0459875 
0.739802 1.31163 -0.0592219 
0.741504 1.32302 -0.0723168 
0.743307 1.33418 -0.085279 
0.745211 1.34511 -0.0981153 
0.747219 1.35582 -0.110832 
0.749332 1.36631 -0.123436 
0.751549 1.37659 -0.135933 
0.753873 1.38666 -0.148329 
0.756303 0.0643722 -0.160629 
0.758814 0.0741932 -0.172961 
0.761379 0.0841153 -0.185448 
0.763995 0.0941369 -0.198085 
0.766658 0.104256 -0.210867 
0.769366 0.114471 -0.22379 
0.772114 0.124779 -0.236847 
0.774899 0.13518 -0.250032 
0.777717 0.14567 -0.26334 
0.780562 0.156247 -0.276762 
0.783429 0.16691 -0.290292 
0.786314 0.177656 -0.303923 
0.78921 0.188483 -0.317646 
0.792111 0.199389 -0.331453 
0.795012 0.210371 -0.345337 
0.797905 0.221429 -0.359288 
0.800784 0.232559 -0.373297 
0.803641 0.24376 -0.387355 
0.80647 0.255031 -0.401454 
0.809262 0.266368 -0.415583 
0.81201 0.277771 0.236528 
0.814722 0.289268 0.222319 
0.817404 0.300889 0.208015 
0.820052 0.312633 0.193623 
0.822659 0.3245 0.17915 
0.82522 0.336487 0.164602 
0.827727 0.348594 0.149987 
0.830175 0.36082 0.135313 
0.832557 0.373164 0.120588 
0.834865 0.385625 0.105818 
0.837094 0.398201 0.0910131 
0.839236 0.410892 0.0761804 
0.841284 0.423696 0.0613282 
0.843231 0.436612 0.0464649 
0.845071 0.449639 0.0315987 
0.846795 0.462776 0.0167379 
0.848398 0.47602 0.00189057 
0.849871 0.489372 -0.012935 
0.85121 0.50283 -0.0277307 
0.852406 0.516391 -0.0424886 
0.853453 0.530056 -0.0572008 
0.854346 0.543822 -0.0718597 
0.855078 0.557688 -0.0864576 
0.855644 0.571652 -0.100987 
0.856038 0.585713 -0.115442 
0.856255 0.599868 -0.129814 
0.85629 0.614116 -0.144098 
0.85614 0.628455 -0.158286 
0.855799 0.642882 -0.172373 
0.855266 0.657395 -0.186353 
0.854537 0.671992 -0.20022 
0.853609 0.686669 -0.213969 
0.852481 0.701424 -0.227596 
0.851151 0.716253 -0.241095 
0.849619 0.731153 -0.254463 
0.847884 0.74612 -0.267695 
0.845946 0.76115 -0.280788 
0.843807 0.77624 -0.293738 
0.841468 0.791383 -0.306543 
0.838931 0.806576 -0.319198 
0.836199 0.821813 -0.331703 
0.833275 0.837089 -0.344055 
0.830163 0.852397 0.287015 
0.826885 0.867755 0.274936 
0.823462 0.883176 0.262937 
0.8199 0.898653 0.251022 
0.816202 0.914178 0.239195 
0.812376 0.929741 0.227458 
0.808427 0.945335 0.215813 
0.804361 0.960949 0.204265 
0.800186 0.976575 0.192815 
0.795907 0.992203 0.181466 
0.791532 1.00782 0.17022 
0.787069 1.02343 0.159079 
0.782525 1.03901 0.148045 
0.777909 1.05455 0.13712 
0.773227 1.07004 0.126305 
0.768488 1.08548 0.115603 
0.7637 1.10086 0.105014 
0.758871 1.11617 0.0945391 
0.754008 1.13139 0.0841801 
0.74912 1.14652 0.0739378 
-0.0737534 1.16155 0.0638128 
-0.0788455 1.17671 0.0537388 
-0.0842927 1.19225 0.0436492 
-0.0900876 -1.30006 0.0335445 
-0.0962173 -1.28375 0.0233639 
-0.102679 -1.26697 0.0130462 
-0.109484 -1.24971 0.0025923 
-0.116642 -1.23196 -0.00799705 
-0.124165 -1.21371 -0.0187208 
-0.132061 -1.19496 -0.0295778 
-0.140337 -1.1757 -0.0405666 
-0.149001 -1.15591 -0.0516857 
-0.158059 -1.13561 -0.0629336 
-0.167512 -1.11478 -0.0743081 
-0.177363 -1.09343 -0.0858075 
-0.187611 -1.07156 -0.0974294 
-0.198252 -1.04918 -0.109171 
-0.209281 -1.02629 -0.121031 
-0.220688 -1.00291 -0.133005 
-0.232461 -0.979047 -0.145092 
-0.244584 -0.954728 -0.157287 
-0.257038 -0.929973 -0.169588 
-0.269802 -0.904807 -0.18199 
-0.282847 -0.87926 -0.194492 
-0.296146 -0.853365 -0.207088 
-0.309665 -0.827159 -0.219775 
-0.323368 -0.800683 -0.232548 
-0.337216 -0.773979 -0.245404 
-0.351168 -0.747094 -0.258338 
-0.365179 -0.720075 -0.271345 
-0.379207 -0.692971 -0.284421 
-0.393203 -0.665835 -0.297561 
-0.407122 -0.638717 -0.31076 
-0.420918 -0.611669 -0.324012 
-0.434546 -0.58474 0.33063 
-0.447937 -0.557955 0.317236 
-0.461025 -0.531336 0.303705 
-0.473772 -0.504926 0.290041 
-0.486138 -0.478766 0.276248 
-0.498091 -0.452895 0.26233 
-0.5096 -0.427347 0.248292 
-0.52064 -0.402154 0.234138 
-0.531189 -0.377342 0.219875 
-0.541229 -0.352935 0.205508 
-0.550745 -0.328953 0.191042 
-0.559728 -0.305413 0.176485 
-0.568172 -0.282326 0.161842 
-0.576074 -0.259702 0.14712 
-0.583435 -0.237548 0.132327 
-0.590259 -0.215866 0.11747 
-0.596553 -0.194658 0.102555 
-0.602325 -0.173922 0.0875917 
-0.607587 -0.153656 0.072587 
-0.612352 -0.133853 0.0575492 
-0.616634 -0.114508 0.0424866 
-0.62045 -0.0956128 0.0274074 
-0.623817 -0.0771591 0.0123203 
-0.626752 -0.0591374 -0.00276633 
-0.629274 -0.0415378 -0.0178438 
-0.631402 -0.0243501 -0.0329037 
-0.633155 -0.00756371 -0.0479372 
-0.634552 0.00883214 -0.0629359 
-0.635613 0.0248481 -0.0778912 
-0.636356 0.0404949 -0.0927949 
-0.6368 0.0557831 -0.107639 
-0.636964 0.0707229 -0.122414 
-0.636866 0.0853246 -0.137114 
-0.636524 0.0995978 -0.15173 
-0.635954 0.113552 -0.166254 
-0.635172 0.127197 -0.18068 
-0.634196 0.140541 -0.195001 
-0.63304 0.153593 -0.209209 
-0.631719 0.166361 -0.223299 
-0.630246 0.178854 -0.237264 
-0.628636 0.191078 -0.251098 
-0.626901 0.20304 -0.264796 
-0.625053 0.214749 -0.278352 
-0.623103 0.226211 -0.291763 
-0.621064 0.237431 -0.305024 
-0.618944 0.248417 0.343242 
-0.61674 0.2592 0.330255 
-0.614448 0.269808 0.317356 
-0.612081 0.280247 0.304549 
-0.609647 0.290521 0.291841 
-0.607157 0.300633 0.27924 
-0.604621 0.310587 0.26675 
-0.602047 0.320385 0.254377 
-0.599443 0.330031 0.242127 
-0.580292 0.339528 0.230005 
-0.57761 0.348932 0.217919 
-0.574832 0.358298 0.205775 
-0.571956 0.367622 0.193576 
-0.56898 0.3769 0.181322 
-0.565902 0.386129 0.169015 
-0.562721 0.395305 0.156658 
-0.559435 0.404426 0.14425 
-0.556042 0.413488 0.131795 
-0.552541 0.422488 0.119294 
-0.548932 0.431425 0.106748 
-0.545212 0.440294 0.0941596 
-0.541381 0.449093 0.0815293 
-0.537438 0.45782 0.0688594 
-0.533384 0.466474 0.0561516 
-0.529217 -1.55687 0.0434075 
-0.524967 -1.54825 0.0305428 
-0.520665 -1.53948 0.017472 
-0.516313 -1.53056 0.00419428 
-0.511911 -1.52147 -0.00929083 
-0.507462 -1.51223 -0.0229836 
-0.502965 -1.50283 -0.0368843 
-0.498424 -1.49326 -0.0509926 
-0.493839 -1.48353 -0.0653082 
-0.489213 -1.47363 -0.0798305 
-0.484547 -1.46357 -0.0945587 
-0.479843 -1.45334 -0.109492 
-0.475104 -1.44295 -0.124628 
-0.470332 -1.43238 -0.139966 
-0.465528 -1.42165 -0.155504 
-0.460696 -1.41074 -0.171239 
-0.455838 -1.39967 -0.18717 
-0.450956 -1.38843 -0.203292 
-0.446052 -1.37702 -0.219604 
-0.441131 -1.36544 -0.236102 
-0.436194 -1.3537 -0.252782 
-0.431244 -1.34179 -0.26964 
-0.426283 -1.32972 -0.286672 
-0.421315 -1.31749 0.438385 
-0.416317 -1.30506 0.420956 
-0.411265 -1.29239 0.40324 
-0.406162 -1.27949 0.385238 
-0.401011 -1.26636 0.36695 
-0.395816 -1.25298 0.348378 
-0.390579 -1.23936 0.329524 
-0.385304 -1.22551 0.310391 
-0.379994 -1.21141 0.290982 
-0.374653 -1.19706 0.271299 
-0.369284 -1.18248 0.251346 
-0.363892 -1.16766 0.231128 
-0.35848 -1.15259 0.210649 
-0.353052 -1.13728 0.189914 
-0.347611 -1.12174 0.168928 
-0.342163 -1.10595 0.147697 
-0.336711 -1.08993 0.126226 
-0.331258 -1.07368 0.104524 
-0.325809 -1.05721 0.0825964 
-0.320368 -1.0405 0.0604508 
-0.314938 -1.02358 0.0380953 
-0.309523 -1.00643 0.015538 
-0.304127 -0.98908 -0.00721231 
-0.298752 -0.97152 -0.0301466 
-0.293404 -0.95376 -0.0532554 
