0.1
0.2
0.3
0.399998
0.499997
0.599996
0.699995
0.799993
0.899992
0.999991
1.1
1.2
1.3
1.40001
1.50001
1.60002
1.70002
1.80003
1.90003
2.00004
2.10003
2.20002
2.30002
2.40001
2.5
2.59999
2.69999
2.79998
2.89997
2.99996
3.09996
3.19995
3.29994
3.39994
3.49993
3.59992
3.69991
3.79991
3.8999
3.99989
4.09989
4.19988
4.29987
4.39986
4.49986
4.59985
4.69984
4.79983
4.89983
4.99982
5.09981
5.19981
5.2998
5.39979
5.49978
5.59978
5.69977
5.79976
5.89976
5.99975
6.09974
6.19973
6.29973
6.39972
6.49971
6.5997
6.6997
6.79969
6.89968
6.99968
7.09967
7.19966
7.29965
7.39965
7.49964
7.59963
7.69962
7.79962
7.89961
7.9996
8.09964
8.19968
8.29972
8.39976
8.4998
8.59984
8.69989
8.79993
8.89997
9.00001
9.10005
9.20009
9.30013
9.40017
9.50021
9.60025
9.70029
9.80033
9.90037
10.0004
10.1005
10.2005
10.3005
10.4006
10.5006
10.6007
10.7007
10.8007
10.9008
11.0008
11.1009
11.2009
11.3009
11.401
11.501
11.6011
11.7011
11.8011
11.9012
12.0012
12.1013
12.2013
12.3013
12.4014
12.5014
12.6015
12.7015
12.8015
12.9016
13.0016
13.1017
13.2017
13.3017
13.4018
13.5018
13.6019
13.7019
13.8019
13.902
14.002
14.1021
14.2021
14.3021
14.4022
14.5022
14.6023
14.7023
14.8024
14.9024
15.0024
15.1025
15.2025
15.3026
15.4026
15.5026
15.6027
15.7027
15.8028
15.9028
16.0028
16.1028
16.2027
16.3027
16.4026
16.5026
16.6025
16.7024
16.8024
16.9023
17.0023
17.1022
17.2022
17.3021
17.4021
17.502
17.602
17.7019
17.8018
17.9018
18.0017
18.1017
18.2016
18.3016
18.4015
18.5015
18.6014
18.7014
18.8013
18.9012
19.0012
19.1011
19.2011
19.301
19.401
19.5009
19.6009
19.7008
19.8007
19.9007
20.0006
20.1006
20.2005
20.3005
20.4004
20.5004
20.6003
20.7003
20.8002
20.9001
21.0001
21.1
21.2
21.2999
21.3999
21.4998
21.5998
21.6997
21.7996
21.8996
21.9995
22.0995
22.1994
22.2994
22.3993
22.4993
22.5992
22.6992
22.7991
22.899
22.999
23.0989
23.1989
23.2988
23.3988
23.4987
23.5987
23.6986
23.7985
23.8985
23.9984
24.0984
24.1983
24.2983
24.3982
24.4982
24.5981
24.6981
24.798
24.8979
24.9979
25.0978
25.1978
25.2977
25.3977
25.4976
25.5976
25.6975
25.7975
25.8974
25.9973
26.0973
26.1972
26.2972
26.3971
26.4971
26.597
26.697
26.7969
26.8968
26.9968
27.0967
27.1967
27.2966
27.3966
27.4965
27.5965
27.6964
27.7964
27.8963
27.9962
28.0962
28.1961
28.2961
28.396
28.496
28.5959
28.6959
28.7958
28.8957
28.9957
29.0956
29.1956
29.2955
29.3955
29.4954
29.5954
29.6953
29.7953
29.8952
29.9951
30.0951
30.195
30.295
30.3949
30.4949
30.5948
30.6948
30.7947
30.8946
30.9946
31.0945
31.1945
31.2944
31.3944
31.4943
31.5943
31.6942
31.7942
31.8941
31.994
32.094
32.1939
32.2939
32.3938
32.4938
32.5937
32.6937
32.7936
32.8936
32.9935
33.0934
33.1934
33.2933
33.3933
33.4932
33.5932
33.6931
33.7931
33.893
33.9929
34.0929
34.1928
34.2928
34.3927
34.4927
34.5926
34.6926
34.7925
34.8925
34.9924
35.0923
35.1923
35.2922
35.3922
35.4921
35.5921
35.692
35.792
35.8919
35.9918
36.0918
36.1917
36.2917
36.3916
36.4916
36.5915
36.6915
36.7914
36.8914
36.9913
37.0912
37.1912
37.2911
37.3911
37.491
37.591
37.6909
37.7909
37.8908
37.9907
38.0907
38.1906
38.2906
38.3905
38.4905
38.5904
38.6904
38.7903
38.8903
38.9902
39.0901
39.1901
39.29
39.39
39.4899
39.5899
39.6898
39.7898
39.8897
39.9897
40.0896
40.1895
40.2895
40.3894
40.4894
40.5893
40.6893
40.7892
40.8892
40.9891
41.089
41.189
41.2889
41.3889
41.4888
41.5888
41.6887
41.7887
41.8886
41.9886
42.0885
42.1884
42.2884
42.3883
42.4883
42.5882
42.6882
42.7881
42.8881
42.988
43.0879
43.1879
43.2878
43.3878
43.4877
43.5877
43.6876
43.7876
43.8875
43.9875
44.0874
44.1873
44.2873
44.3872
44.4872
44.5871
44.6871
44.787
44.887
44.9869
45.0868
45.1868
45.2867
45.3867
45.4866
45.5866
45.6865
45.7865
45.8864
45.9864
46.0863
46.1862
46.2862
46.3861
46.4861
46.586
46.686
46.7859
46.8859
46.9858
47.0858
47.1857
47.2856
47.3856
47.4855
47.5855
47.6854
47.7854
47.8853
47.9853
48.0852
48.1851
48.2851
48.385
48.485
48.5849
48.6849
48.7848
48.8848
48.9847
49.0847
49.1846
49.2845
49.3845
49.4844
49.5844
49.6843
49.7843
49.8842
49.9842
50.0841
50.184
50.284
50.3839
50.4839
50.5838
50.6838
50.7837
50.8837
50.9836
51.0836
51.1835
51.2834
51.3834
51.4833
51.5833
51.6832
51.7832
51.8831
51.9831
52.083
52.1829
52.2829
52.3828
52.4828
52.5827
52.6827
52.7826
52.8826
52.9825
53.0825
53.1824
53.2823
53.3823
53.4822
53.5822
53.6821
53.7821
53.882
53.982
54.0819
54.1819
54.2818
54.3817
54.4817
54.5816
54.6816
54.7815
54.8815
54.9814
55.0814
55.1813
55.2812
55.3812
55.4811
55.5811
55.681
55.781
55.8809
55.9809
56.0808
56.1808
56.2807
56.3806
56.4806
56.5805
56.6805
56.7804
56.8804
56.9803
57.0803
57.1802
57.2801
57.3801
57.48
57.58
57.6799
57.7799
57.8798
57.9798
58.0797
58.1797
58.2796
58.3795
58.4795
58.5794
58.6794
58.7793
58.8793
58.9792
59.0792
59.1791
59.279
59.379
59.4789
59.5789
59.6788
59.7788
59.8787
59.9787
60.0786
60.1786
60.2785
60.3784
60.4784
60.5783
60.6783
60.7782
60.8782
60.9781
61.0781
61.178
61.278
61.3779
61.4778
61.5778
61.6777
61.7777
61.8776
61.9776
62.0775
62.1775
62.2774
62.3773
62.4773
62.5772
62.6772
62.7771
62.8771
62.977
63.077
63.1769
63.2769
63.3768
63.4767
63.5767
63.6766
63.7766
63.8765
63.9765
64.0764
64.1764
64.2763
64.3763
64.4762
64.5761
64.6761
64.776
64.876
64.9759
65.0759
65.1758
65.2758
65.3757
65.4756
65.5756
65.6755
65.7755
65.8754
65.9754
66.0753
66.1753
66.2752
66.3752
66.4751
66.575
66.675
66.7749
66.8749
66.9748
67.0748
67.1747
67.2747
67.3746
67.4745
67.5745
67.6744
67.7744
67.8743
67.9743
68.0742
68.1742
68.2741
68.3741
68.474
68.5739
68.6739
68.7738
68.8738
68.9737
69.0737
69.1736
69.2736
69.3735
69.4734
69.5734
69.6733
69.7733
69.8732
69.9732
70.0731
70.1731
70.273
70.373
70.4729
70.5728
70.6728
70.7727
70.8727
70.9726
71.0726
71.1725
71.2725
71.3724
71.4724
71.5723
71.6722
71.7722
71.8721
71.9721
72.072
72.172
72.2719
72.3719
72.4718
72.5717
72.6717
72.7716
72.8716
72.9715
73.0715
73.1714
73.2714
73.3713
73.4713
73.5712
73.6711
73.7711
73.871
73.971
74.0709
74.1709
74.2708
74.3708
74.4707
74.5706
74.6706
74.7705
74.8705
74.9704
75.0704
75.1703
75.2703
75.3702
75.4702
75.5701
75.67
75.77
75.8699
75.9699
76.0698
76.1698
76.2697
76.3697
76.4696
76.5695
76.6695
76.7694
76.8694
76.9693
77.0693
77.1692
77.2692
77.3691
77.4691
77.569
77.6689
77.7689
77.8688
77.9688
78.0687
78.1687
78.2686
78.3686
78.4685
78.5685
78.6684
78.7683
78.8683
78.9682
79.0682
79.1681
79.2681
79.368
79.468
79.5679
79.6678
79.7678
79.8677
79.9677
80.0676
80.1676
80.2675
80.3675
80.4674
80.5674
80.6673
80.7672
80.8672
80.9671
81.0671
81.167
81.267
81.3669
81.4669
81.5668
81.6667
81.7667
81.8666
81.9666
82.0665
82.1665
82.2664
82.3664
82.4663
82.5663
82.6662
82.7661
82.8661
82.966
83.066
83.1659
83.2659
83.3658
83.4658
83.5657
83.6656
83.7656
83.8655
83.9655
84.0654
84.1654
84.2653
84.3653
84.4652
84.5652
84.6651
84.765
84.865
84.9649
85.0649
85.1648
85.2648
85.3647
85.4647
85.5646
85.6646
85.7645
85.8644
85.9644
86.0643
86.1643
86.2642
86.3642
86.4641
86.5641
86.664
86.7639
86.8639
86.9638
87.0638
87.1637
87.2637
87.3636
87.4636
87.5635
87.6635
87.7634
87.8633
87.9633
88.0632
88.1632
88.2631
88.3631
88.463
88.563
88.6629
88.7628
88.8628
88.9627
89.0627
89.1626
89.2626
89.3625
89.4625
89.5624
89.6624
89.7623
89.8622
89.9622
90.0621
90.1621
90.262
90.362
90.4619
90.5619
90.6618
90.7617
90.8617
90.9616
91.0616
91.1615
91.2615
91.3614
91.4614
91.5613
91.6613
91.7612
91.8611
91.9611
92.061
92.161
92.2609
92.3609
92.4608
92.5608
92.6607
92.7607
92.8606
92.9605
93.0605
93.1604
93.2604
93.3603
93.4603
93.5602
93.6602
93.7601
93.86
93.96
94.0599
94.1599
94.2598
94.3598
94.4597
94.5597
94.6596
94.7596
94.8595
94.9594
95.0594
95.1593
95.2593
95.3592
95.4592
95.5591
95.6591
95.759
95.8589
95.9589
96.0588
96.1588
96.2587
96.3587
96.4586
96.5586
96.6585
96.7585
96.8584
96.9583
97.0583
97.1582
97.2582
97.3581
97.4581
97.558
97.658
97.7579
97.8578
97.9578
98.0577
98.1577
98.2576
98.3576
98.4575
98.5575
98.6574
98.7574
98.8573
98.9572
99.0572
99.1571
99.2571
99.357
99.457
99.5569
99.6569
99.7568
99.8568
99.9567
100.057
100.157
100.257
100.356
100.456
100.556
100.656
100.756
100.856
100.956
101.056
101.156
101.256
101.356
101.456
101.556
101.656
101.756
101.856
101.956
102.056
102.155
102.255
102.355
102.455
102.555
102.655
102.755
102.855
102.955
103.055
103.155
103.255
103.355
103.455
103.555
103.655
103.755
103.855
103.954
104.054
104.154
104.254
104.354
104.454
104.554
104.654
104.754
104.854
104.954
105.054
105.154
105.254
105.354
105.454
105.554
105.654
105.754
105.853
105.953
106.053
106.153
106.253
106.353
106.453
106.553
106.653
106.753
106.853
106.953
107.053
107.153
107.253
107.353
107.453
107.553
107.652
107.752
107.852
107.952
108.052
108.152
108.252
108.352
108.452
108.552
108.652
108.752
108.852
108.952
109.052
109.152
109.252
109.352
109.451
109.551
109.651
109.751
109.851
109.951
110.051
110.151
110.251
110.351
110.451
110.551
110.651
110.751
110.851
110.951
111.051
111.151
111.25
111.35
111.45
111.55
111.65
111.75
111.85
111.95
112.05
112.15
112.25
112.35
112.45
112.55
112.65
112.75
112.85
112.95
113.049
113.149
113.249
113.349
113.449
113.549
113.649
113.749
113.849
113.949
114.049
114.149
114.249
114.349
114.449
114.549
114.649
114.749
114.849
114.948
115.048
115.148
115.248
115.348
115.448
115.548
115.648
115.748
115.848
115.948
116.048
116.148
116.248
116.348
116.448
116.548
116.648
116.747
116.847
116.947
117.047
117.147
117.247
117.347
117.447
117.547
117.647
117.747
117.847
117.947
118.047
118.147
118.247
118.347
118.447
118.546
118.646
118.746
118.846
118.946
119.046
119.146
119.246
119.346
119.446
119.546
119.646
119.746
119.846
119.946
120.046
120.146
120.246
120.345
120.445
120.545
120.645
120.745
120.845
120.945
121.045
121.145
121.245
121.345
121.445
121.545
121.645
121.745
121.845
121.945
122.045
122.145
122.244
122.344
122.444
122.544
122.644
122.744
122.844
122.944
123.044
123.144
123.244
123.344
123.444
123.544
123.644
123.744
123.844
123.944
124.043
124.143
124.243
124.343
124.443
124.543
124.643
124.743
124.843
124.943
125.043
125.143
125.243
125.343
125.443
125.543
125.643
125.743
125.842
125.942
126.042
126.142
126.242
126.342
126.442
126.542
126.642
126.742
126.842
126.942
127.042
127.142
127.242
127.342
127.442
127.542
127.641
127.741
127.841
127.941
128.042
128.142
128.243
128.344
128.444
128.545
128.646
128.747
128.847
128.948
129.049
129.149
129.25
129.351
129.451
129.552
129.653
129.754
129.854
129.955
130.056
130.156
130.257
130.358
130.459
130.559
130.66
130.761
130.861
130.962
131.063
131.164
131.264
131.365
131.466
131.566
131.667
131.768
131.868
131.969
132.07
132.171
132.271
132.372
132.473
132.573
132.674
132.775
132.876
132.976
133.077
133.178
133.278
133.379
133.48
133.581
133.681
133.782
133.883
133.983
134.084
134.185
134.285
134.386
134.487
134.588
134.688
134.789
134.89
134.99
135.091
135.192
135.293
135.393
135.494
135.595
135.695
135.796
135.897
135.998
136.098
136.199
136.3
136.4
136.501
136.602
136.702
136.803
136.904
137.005
137.105
137.206
137.307
137.407
137.508
137.609
137.71
137.81
137.911
138.012
138.112
138.213
138.314
138.415
138.515
138.616
138.717
138.817
138.918
139.019
139.119
139.22
139.321
139.422
139.522
139.623
139.724
139.824
139.925
140.026
140.127
140.227
140.328
140.429
140.529
140.63
140.731
140.831
140.932
141.033
141.134
141.234
141.335
141.436
141.536
141.637
141.738
141.839
141.939
142.04
142.141
142.241
142.342
142.443
142.544
142.644
142.745
142.846
142.946
143.047
143.148
143.248
143.349
143.45
143.551
143.651
143.752
143.853
143.953
144.054
144.155
144.256
144.356
144.457
144.558
144.658
144.759
144.86
144.961
145.061
145.162
145.263
145.363
145.464
145.565
145.665
145.766
145.867
145.968
146.068
146.169
146.27
146.37
146.471
146.572
146.673
146.773
146.874
146.975
147.075
147.176
147.277
147.378
147.478
147.579
147.68
147.78
147.881
147.982
148.082
148.183
148.284
148.385
148.485
148.586
148.687
148.787
148.888
148.989
149.09
149.19
149.291
149.392
149.492
149.593
149.694
149.795
149.895
149.996
150.097
150.197
150.298
150.399
150.499
150.6
150.701
150.802
150.902
151.003
151.104
151.204
151.305
151.406
151.507
151.607
151.708
151.809
151.909
152.01
152.111
152.212
152.312
152.413
152.514
152.614
152.715
152.816
152.916
153.017
153.118
153.219
153.319
153.42
153.521
153.621
153.722
153.823
153.924
154.024
154.125
154.226
154.326
154.427
154.528
154.628
154.729
154.83
154.931
155.031
155.132
155.233
155.333
155.434
155.535
155.636
155.736
155.837
155.938
156.038
156.139
156.24
156.341
156.441
156.542
156.643
156.743
156.844
156.945
157.045
157.146
157.247
157.348
157.448
157.549
157.65
157.75
157.851
157.952
158.053
158.153
158.254
158.355
158.455
158.556
158.657
158.758
158.858
158.959
159.06
159.16
159.261
159.362
159.462
159.563
159.664
159.765
159.865
159.966
160.067
160.167
160.268
160.369
160.47
160.57
160.671
160.772
160.872
160.973
161.074
161.175
161.275
161.376
161.477
161.577
161.678
161.779
161.879
161.98
162.081
162.182
162.282
162.383
162.484
162.584
162.685
162.786
162.887
162.987
163.088
163.189
163.289
163.39
163.491
163.592
163.692
163.793
163.894
163.994
164.095
164.196
164.296
164.397
164.498
164.599
164.699
164.8
164.901
165.001
165.102
165.203
165.304
165.404
165.505
165.606
165.706
165.807
165.908
166.008
166.109
166.21
166.311
166.411
166.512
166.613
166.713
166.814
166.915
167.016
167.116
167.217
167.318
167.418
167.519
167.62
167.721
167.821
167.922
168.023
168.123
168.224
168.325
168.425
168.526
168.627
168.728
168.828
168.929
169.03
169.13
169.231
169.332
169.433
169.533
169.634
169.735
169.835
169.936
170.037
170.138
170.238
170.339
170.44
170.54
170.641
170.742
170.842
170.943
171.044
171.145
171.245
171.346
171.447
171.547
171.648
171.749
171.85
171.95
172.051
172.152
172.252
172.353
172.454
172.555
172.655
172.756
172.857
172.957
173.058
173.159
173.259
173.36
173.461
173.562
173.662
173.763
173.864
173.964
174.065
174.166
174.267
174.367
174.468
174.569
174.669
174.77
174.871
174.972
175.072
175.173
175.274
175.374
175.475
175.576
175.676
175.777
175.878
175.979
176.079
176.18
176.281
176.381
176.482
176.583
176.684
176.784
176.885
176.986
177.086
177.187
177.288
177.389
177.489
177.59
177.691
177.791
177.892
177.993
178.093
178.194
178.295
178.396
178.496
178.597
178.698
178.798
178.899
179
179.101
179.201
179.302
179.403
179.503
179.604
179.705
179.805
179.906
180.007
180.108
180.208
180.309
180.41
180.51
180.611
180.712
180.813
180.913
181.014
181.115
181.215
181.316
181.417
181.518
181.618
181.719
181.82
181.92
182.021
182.122
182.222
182.323
182.424
182.525
182.625
182.726
182.827
182.927
183.028
183.129
183.23
183.33
183.431
183.532
183.632
183.733
183.834
183.935
184.035
184.136
184.237
184.337
184.438
184.539
184.639
184.74
184.841
184.942
185.042
185.143
185.244
185.344
185.445
185.546
185.647
185.747
185.848
185.949
186.049
186.15
186.251
186.352
186.452
186.553
186.654
186.754
186.855
186.956
187.056
187.157
187.258
187.359
187.459
187.56
187.661
187.761
187.862
187.963
188.064
188.164
188.265
188.366
188.466
188.567
188.668
188.769
188.869
188.97
189.071
189.171
189.272
189.373
189.473
189.574
189.675
189.776
189.876
189.977
190.078
190.178
190.279
190.38
190.481
190.581
190.682
190.783
190.883
190.984
191.085
191.186
191.286
191.387
191.488
191.588
191.689
191.79
191.89
191.991
192.092
192.193
192.293
192.394
192.495
192.595
192.696
192.797
192.898
192.998
193.099
193.2
193.3
193.401
193.502
193.602
193.703
193.804
193.905
194.005
194.106
194.207
194.307
194.408
194.509
194.61
194.71
194.811
194.912
195.012
195.113
195.214
195.315
195.415
195.516
195.617
195.717
195.818
195.919
196.019
196.12
196.221
196.322
196.422
196.523
196.624
196.724
196.825
196.926
197.027
197.127
197.228
197.329
197.429
197.53
197.631
197.732
197.832
197.933
198.034
198.134
198.235
198.336
198.436
198.537
198.638
198.739
198.839
198.94
199.041
199.141
199.242
199.343
199.444
199.544
199.645
199.746
199.846
199.947
200.048
200.149
200.249
200.35
200.451
200.551
200.652
200.753
200.853
200.954
201.055
201.156
201.256
201.357
201.458
201.558
201.659
201.76
201.861
201.961
202.062
202.163
202.263
202.364
202.465
202.566
202.666
202.767
202.868
202.968
203.069
203.17
203.27
203.371
203.472
203.573
203.673
203.774
203.875
203.975
204.076
204.177
204.278
204.378
204.479
204.58
204.68
204.781
204.882
204.982
205.083
205.184
205.285
205.385
205.486
205.587
205.687
205.788
205.889
205.99
206.09
206.191
206.292
206.392
206.493
206.594
206.695
206.795
206.896
206.997
207.097
207.198
207.299
207.399
207.5
207.601
207.702
207.802
207.903
208.004
208.104
208.205
208.306
208.407
208.507
208.608
208.709
208.809
208.91
209.011
209.112
209.212
209.313
209.414
209.514
209.615
209.716
209.816
209.917
210.018
210.119
210.219
210.32
210.421
210.521
210.622
210.723
210.824
210.924
211.025
211.126
211.226
211.327
211.428
211.529
211.629
211.73
211.831
211.931
212.032
212.133
212.233
212.334
212.435
212.536
212.636
212.737
212.838
212.938
213.039
213.14
213.241
213.341
213.442
213.543
213.643
213.744
213.845
213.946
214.046
214.147
214.248
214.348
214.449
214.55
214.65
214.751
214.852
214.953
215.053
215.154
215.255
215.355
215.456
215.557
215.658
215.758
215.859
215.96
216.06
216.161
216.262
216.363
216.463
216.564
216.665
216.765
216.866
216.967
217.067
217.168
217.269
217.37
217.47
217.571
217.672
217.772
217.873
217.974
218.075
218.175
218.276
218.377
218.477
218.578
218.679
218.779
218.88
218.981
219.082
219.182
219.283
219.384
219.484
219.585
219.686
219.787
219.887
219.988
220.089
220.189
220.29
220.391
220.492
220.592
220.693
220.794
220.894
220.995
221.096
221.196
221.297
221.398
221.499
221.599
221.7
221.801
221.901
222.002
222.103
222.204
222.304
222.405
222.506
222.606
222.707
222.808
222.909
223.009
223.11
223.211
223.311
223.412
223.513
223.613
223.714
223.815
223.916
224.016
224.117
224.218
224.318
224.419
224.52
224.621
224.721
224.822
224.923
225.023
225.124
225.225
225.326
225.426
225.527
225.628
225.728
225.829
225.93
226.03
226.131
226.232
226.333
226.433
226.534
226.635
226.735
226.836
226.937
227.038
227.138
227.239
227.34
227.44
227.541
227.642
227.743
227.843
227.944
228.045
228.145
228.246
228.347
228.447
228.548
228.649
228.75
228.85
228.951
229.052
229.152
229.253
229.354
229.455
229.555
229.656
229.757
229.857
229.958
230.059
230.16
230.26
230.361
230.462
230.562
230.663
230.764
230.864
230.965
231.066
231.167
231.267
231.368
231.469
231.569
231.67
231.771
231.872
231.972
232.073
232.174
232.274
232.375
232.476
232.576
232.677
232.778
232.879
232.979
233.08
233.181
233.281
233.382
233.483
233.584
233.684
233.785
233.886
233.986
234.087
234.188
234.289
234.389
234.49
234.591
234.691
234.792
234.893
234.993
235.094
235.195
235.296
235.396
235.497
235.598
235.698
235.799
235.9
236.001
236.101
236.202
236.303
236.403
236.504
236.605
236.706
236.806
236.907
237.008
237.108
237.209
237.31
237.41
237.511
237.612
237.713
237.813
237.914
238.015
238.115
238.216
238.317
238.418
238.518
238.619
238.72
238.82
238.921
239.022
239.123
239.223
239.324
239.425
239.525
239.626
239.727
239.827
239.928
240.029
240.13
240.23
240.331
240.432
240.532
240.633
240.734
240.835
240.935
241.036
241.137
241.237
241.338
241.439
241.54
241.64
241.741
241.842
241.942
242.043
242.144
242.244
242.345
242.446
242.547
242.647
242.748
242.849
242.949
243.05
243.151
243.252
243.352
243.453
243.554
243.654
243.755
243.856
243.956
244.057
244.158
244.259
244.359
244.46
244.561
244.661
244.762
244.863
244.964
245.064
245.165
245.266
245.366
245.467
245.568
245.669
245.769
245.87
245.971
246.071
246.172
246.273
246.373
246.474
246.575
246.676
246.776
246.877
246.978
247.078
247.179
247.28
247.381
247.481
247.582
247.683
247.783
247.884
247.985
248.086
248.186
248.287
248.388
248.488
248.589
248.69
248.79
248.891
248.992
249.093
249.193
249.294
249.395
249.495
249.596
249.697
249.798
249.898
249.999
250.1
250.2
250.301
250.402
250.503
250.603
250.704
250.805
250.905
251.006
251.107
251.207
251.308
251.409
251.51
251.61
251.711
251.812
251.912
252.013
252.114
252.215
252.315
252.416
252.517
252.617
252.718
252.819
252.92
253.02
253.121
253.222
253.322
253.423
253.524
253.624
253.725
253.826
253.927
254.027
254.128
254.229
254.329
254.43
254.531
254.632
254.732
254.833
254.934
255.034
255.135
255.236
255.337
255.437
255.538
255.639
255.739
255.84
255.941
256.041
256.142
256.243
256.344
256.444
256.545
256.646
256.746
256.847
256.948
257.049
257.149
257.25
257.351
257.451
257.552
257.653
257.753
257.854
257.955
258.056
258.156
258.257
258.358
258.458
258.559
258.66
258.761
258.861
258.962
259.063
259.163
259.264
259.365
259.466
259.566
259.667
259.768
259.868
259.969
260.07
260.17
260.271
260.372
260.473
260.573
260.674
260.775
260.875
260.976
261.077
261.178
261.278
261.379
261.48
261.58
261.681
261.782
261.883
261.983
262.084
262.185
262.285
262.386
262.487
262.587
262.688
262.789
262.89
262.99
263.091
263.192
263.292
263.393
263.494
263.595
263.695
263.796
263.897
263.997
264.098
264.199
264.299
264.4
264.501
264.602
264.702
264.803
264.904
265.004
265.105
265.206
265.307
265.407
265.508
265.609
265.709
265.81
265.911
266.012
266.112
266.213
266.314
266.414
266.515
266.616
266.716
266.817
266.918
267.019
267.119
267.22
267.321
267.421
267.522
267.623
267.724
267.824
267.925
268.026
268.126
268.227
268.328
268.429
268.529
268.63
268.731
268.831
268.932
269.033
269.133
269.234
269.335
269.436
269.536
269.637
269.738
269.838
269.939
270.04
270.141
270.241
270.342
270.443
270.543
270.644
270.745
270.846
270.946
271.047
271.148
271.248
271.349
271.45
271.55
271.651
271.752
271.853
271.953
272.054
272.155
272.255
272.356
272.457
272.558
272.658
272.759
272.86
272.96
273.061
273.162
273.263
273.363
273.464
273.565
273.665
273.766
273.867
273.967
274.068
274.169
274.27
274.37
274.471
274.572
274.672
274.773
274.874
274.975
275.075
275.176
275.277
275.377
275.478
275.579
275.68
275.78
275.881
275.982
276.082
276.183
276.284
276.384
276.485
276.586
276.687
276.787
276.888
276.989
277.089
277.19
277.291
277.392
277.492
277.593
277.694
277.794
277.895
277.996
278.096
278.197
278.298
278.399
278.499
278.6
278.701
278.801
278.902
279.003
279.104
279.204
279.305
279.406
279.506
279.607
279.708
279.809
279.909
280.01
280.111
280.211
280.312
280.413
280.513
280.614
280.715
280.816
280.916
281.017
281.118
281.218
281.319
281.42
281.521
281.621
281.722
281.823
281.923
282.024
282.125
282.226
282.326
282.427
282.528
282.628
282.729
282.83
282.93
283.031
283.132
283.233
283.333
283.434
283.535
283.635
283.736
283.837
283.938
284.038
284.139
284.24
284.34
284.441
284.542
284.643
284.743
284.844
284.945
285.045
285.146
285.247
285.347
285.448
285.549
285.65
285.75
285.851
285.952
286.052
286.153
286.254
286.355
286.455
286.556
286.657
286.757
286.858
286.959
287.06
287.16
287.261
287.362
287.462
287.563
287.664
287.764
287.865
287.966
288.067
288.167
288.268
288.369
288.469
288.57
288.671
288.772
288.872
288.973
289.074
289.174
289.275
289.376
289.477
289.577
289.678
289.779
289.879
289.98
290.081
290.181
290.282
290.383
290.484
290.584
290.685
290.786
290.886
290.987
291.088
291.189
291.289
291.39
291.491
291.591
291.692
291.793
291.893
291.994
292.095
292.196
292.296
292.397
292.498
292.598
292.699
292.8
292.901
293.001
293.102
293.203
293.303
293.404
293.505
293.606
293.706
293.807
293.908
294.008
294.109
294.21
294.31
294.411
294.512
294.613
294.713
294.814
294.915
295.015
295.116
295.217
295.318
295.418
295.519
295.62
295.72
295.821
295.922
296.023
296.123
296.224
296.325
296.425
296.526
296.627
296.727
296.828
296.929
297.03
297.13
297.231
297.332
297.432
297.533
297.634
297.735
297.835
297.936
298.037
298.137
298.238
298.339
298.44
298.54
298.641
298.742
298.842
298.943
299.044
299.144
299.245
299.346
299.447
299.547
299.648
299.749
299.849
299.95
300.051
300.152
300.252
300.353
300.454
300.554
300.655
300.756
300.857
300.957
301.058
301.159
301.259
301.36
301.461
301.561
301.662
301.763
301.864
301.964
302.065
302.166
302.266
302.367
302.468
302.569
302.669
302.77
302.871
302.971
303.072
303.173
303.273
303.374
303.475
303.576
303.676
303.777
303.878
303.978
304.079
304.18
304.281
304.381
304.482
304.583
304.683
304.784
304.885
304.986
305.086
305.187
305.288
305.388
305.489
305.59
305.69
305.791
305.892
305.993
306.093
306.194
306.295
306.395
306.496
306.597
306.698
306.798
306.899
307
307.1
307.201
307.302
307.403
307.503
307.604
307.705
307.805
307.906
308.007
308.107
308.208
308.309
308.41
308.51
308.611
308.712
308.812
308.913
309.014
309.115
309.215
309.316
309.417
309.517
309.618
309.719
309.82
309.92
310.021
310.122
310.222
310.323
310.424
310.524
310.625
310.726
310.827
310.927
311.028
311.129
311.229
311.33
311.431
311.532
311.632
311.733
311.834
311.934
312.035
312.136
312.237
312.337
312.438
312.539
312.639
312.74
312.841
312.941
313.042
313.143
313.244
313.344
313.445
313.546
313.646
313.747
313.848
313.949
314.049
314.15
314.251
314.351
314.452
314.553
314.654
314.754
314.855
314.956
315.056
315.157
315.258
315.358
315.459
315.56
315.661
315.761
315.862
315.963
316.063
316.164
316.265
316.366
316.466
316.567
316.668
316.768
316.869
316.97
317.07
317.171
317.272
317.373
317.473
317.574
317.675
317.775
317.876
317.977
318.078
318.178
318.279
318.38
318.48
318.581
318.682
318.783
318.883
318.984
319.085
319.185
319.286
319.387
319.487
319.588
319.689
319.79
319.89
319.991
320.092
320.192
320.293
320.394
320.495
320.595
320.696
320.797
320.897
320.998
321.099
321.2
321.3
321.401
321.502
321.602
321.703
321.804
321.904
322.005
322.106
322.207
322.307
322.408
322.509
322.609
322.71
322.811
322.912
323.012
323.113
323.214
323.314
323.415
323.516
323.617
323.717
323.818
323.919
324.019
324.12
324.221
324.321
324.422
324.523
324.624
324.724
324.825
324.926
325.026
325.127
325.228
325.329
325.429
325.53
325.631
325.731
325.832
325.933
326.034
326.134
326.235
326.336
326.436
326.537
326.638
326.738
326.839
326.94
327.041
327.141
327.242
327.343
327.443
327.544
327.645
327.746
327.846
327.947
328.048
328.148
328.249
328.35
328.451
328.551
328.652
328.753
328.853
328.954
329.055
329.155
329.256
329.357
329.458
329.558
329.659
329.76
329.86
329.961
330.062
330.163
330.263
330.364
330.465
330.565
330.666
330.767
330.867
330.968
331.069
331.17
331.27
331.371
331.472
331.572
331.673
331.774
331.875
331.975
332.076
332.177
332.277
332.378
332.479
332.58
332.68
332.781
332.882
332.982
333.083
333.184
333.284
333.385
333.486
333.587
333.687
333.788
333.889
333.989
334.09
334.191
334.292
334.392
334.493
334.594
334.694
334.795
334.896
334.997
335.097
335.198
335.299
335.399
335.5
335.601
335.701
335.802
335.903
336.004
336.104
336.205
336.306
336.406
336.507
336.608
336.709
336.809
336.91
337.011
337.111
337.212
337.313
337.414
337.514
337.615
337.716
337.816
337.917
338.018
338.118
338.219
338.32
338.421
338.521
338.622
338.723
338.823
338.924
339.025
339.126
339.226
339.327
339.428
339.528
339.629
339.73
339.831
339.931
340.032
340.133
340.233
340.334
340.435
340.535
340.636
340.737
340.838
340.938
341.039
341.14
341.24
341.341
341.442
341.543
341.643
341.744
341.845
341.945
342.046
342.147
342.247
342.348
342.449
342.55
342.65
342.751
342.852
342.952
343.053
343.154
343.255
343.355
343.456
343.557
343.657
343.758
343.859
343.96
344.06
344.161
344.262
344.362
344.463
344.564
344.664
344.765
344.866
344.967
345.067
345.168
345.269
345.369
345.47
345.571
345.672
345.772
345.873
345.974
346.074
346.175
346.276
346.377
346.477
346.578
346.679
346.779
346.88
346.981
347.081
347.182
347.283
347.384
347.484
347.585
347.686
347.786
347.887
347.988
348.089
348.189
348.29
348.391
348.491
348.592
348.693
348.794
348.894
348.995
349.096
349.196
349.297
349.398
349.498
349.599
349.7
349.801
349.901
350.002
350.103
350.203
350.304
350.405
350.506
350.606
350.707
350.808
350.908
351.009
351.11
351.211
351.311
351.412
351.513
351.613
351.714
351.815
351.915
352.016
352.117
352.218
352.318
352.419
352.52
352.62
352.721
352.822
352.923
353.023
353.124
353.225
353.325
353.426
353.527
353.628
353.728
353.829
353.93
354.03
354.131
354.232
354.332
354.433
354.534
354.635
354.735
354.836
354.937
355.037
355.138
355.239
355.34
355.44
355.541
355.642
355.742
355.843
355.944
356.044
356.145
356.246
356.347
356.447
356.548
356.649
356.749
356.85
356.951
357.052
357.152
357.253
357.354
357.454
357.555
357.656
357.757
357.857
357.958
358.059
358.159
358.26
358.361
358.461
358.562
358.663
358.764
358.864
358.965
359.066
359.166
359.267
359.368
359.469
359.569
359.67
359.771
359.871
359.972
360.073
360.174
360.274
360.375
360.476
360.576
360.677
360.778
360.878
360.979
361.08
361.181
361.281
361.382
361.483
361.583
361.684
361.785
361.886
361.986
362.087
362.188
362.288
362.389
362.49
362.591
362.691
362.792
362.893
362.993
363.094
363.195
363.295
363.396
363.497
363.598
363.698
363.799
363.9
364
364.101
364.202
364.303
364.403
364.504
364.605
364.705
364.806
364.907
365.008
365.108
365.209
365.31
365.41
365.511
365.612
365.712
365.813
365.914
366.015
366.115
366.216
366.317
366.417
366.518
366.619
366.72
366.82
366.921
367.022
367.122
367.223
367.324
367.424
367.525
367.626
367.727
367.827
367.928
368.029
368.129
368.23
368.331
368.432
368.532
368.633
368.734
368.834
368.935
369.036
369.137
369.237
369.338
369.439
369.539
369.64
369.741
369.841
369.942
370.043
370.144
370.244
370.345
370.446
370.546
370.647
370.748
370.849
370.949
371.05
371.151
371.251
371.352
371.453
371.554
371.654
371.755
371.856
371.956
372.057
372.158
372.258
372.359
372.46
372.561
372.661
372.762
372.863
372.963
373.064
373.165
373.266
373.366
373.467
373.568
373.668
373.769
373.87
373.971
374.071
374.172
374.273
374.373
374.474
374.575
374.675
374.776
374.877
374.978
375.078
375.179
375.28
375.38
375.481
375.582
375.683
375.783
375.884
375.985
376.085
376.186
376.287
376.388
376.488
376.589
376.69
376.79
376.891
376.992
377.092
377.193
377.294
377.395
377.495
377.596
377.697
377.797
377.898
377.999
378.1
378.2
378.301
378.402
378.502
378.603
378.704
378.805
378.905
379.006
379.107
379.207
379.308
379.409
379.509
379.61
379.711
379.812
379.912
380.013
380.114
380.214
380.315
380.416
380.517
380.617
380.718
380.819
380.919
381.02
381.121
381.221
381.322
381.423
381.524
381.624
381.725
381.826
381.926
382.027
382.128
382.229
382.329
382.43
382.531
382.631
382.732
382.833
382.934
383.034
383.135
383.236
383.336
383.437
383.538
383.638
383.739
383.84
383.941
384.041
384.142
384.243
384.343
384.444
384.545
384.646
384.746
384.847
384.948
385.048
385.149
385.25
385.351
385.451
385.552
385.653
385.753
385.854
385.955
386.055
386.156
386.257
386.358
386.458
386.559
386.66
386.76
386.861
386.962
387.063
387.163
387.264
387.365
387.465
387.566
387.667
387.768
387.868
387.969
388.07
388.17
388.271
388.372
388.472
388.573
388.674
388.775
388.875
388.976
389.077
389.177
389.278
389.379
389.48
389.58
389.681
389.782
389.882
389.983
390.084
390.185
390.285
390.386
390.487
390.587
390.688
390.789
390.889
390.99
391.091
391.192
391.292
391.393
391.494
391.594
391.695
391.796
391.897
391.997
392.098
392.199
392.299
392.4
392.501
392.602
392.702
392.803
392.904
393.004
393.105
393.206
393.306
393.407
393.508
393.609
393.709
393.81
393.911
394.011
394.112
394.213
394.314
394.414
394.515
394.616
394.716
394.817
394.918
395.018
395.119
395.22
395.321
395.421
395.522
395.623
395.723
395.824
395.925
396.026
396.126
396.227
396.328
396.428
396.529
396.63
396.731
396.831
396.932
397.033
397.133
397.234
397.335
397.435
397.536
397.637
397.738
397.838
397.939
398.04
398.14
398.241
398.342
398.443
398.543
398.644
398.745
398.845
398.946
399.047
399.148
399.248
399.349
399.45
399.55
399.651
399.752
399.852
399.953
400.054
400.155
400.255
400.356
400.457
400.557
400.658
400.759
400.86
400.96
401.061
401.162
401.262
401.363
401.464
401.565
401.665
401.766
401.867
401.967
402.068
402.169
402.269
402.37
402.471
402.572
402.672
402.773
402.874
402.974
403.075
403.176
403.277
403.377
403.478
403.579
403.679
403.78
403.881
403.982
404.082
404.183
404.284
404.384
404.485
404.586
404.686
404.787
404.888
404.989
405.089
405.19
405.291
405.391
405.492
405.593
405.694
405.794
405.895
405.996
406.096
406.197
406.298
406.398
406.499
406.6
406.701
406.801
406.902
407.003
407.103
407.204
407.305
407.406
407.506
407.607
407.708
407.808
407.909
408.01
408.111
408.211
408.312
408.413
408.513
408.614
408.715
408.815
408.916
409.017
409.118
409.218
409.319
409.42
409.52
409.621
409.722
409.823
409.923
410.024
410.125
410.225
410.326
410.427
410.528
410.628
410.729
410.83
410.93
411.031
411.132
411.232
411.333
411.434
411.535
411.635
411.736
411.837
411.937
412.038
412.139
412.24
412.34
412.441
412.542
412.642
412.743
412.844
412.945
413.045
413.146
413.247
413.347
413.448
413.549
413.649
413.75
413.851
413.952
414.052
414.153
414.254
414.354
414.455
414.556
414.657
414.757
414.858
414.959
415.059
415.16
415.261
415.362
415.462
415.563
415.664
415.764
415.865
415.966
416.066
416.167
416.268
416.369
416.469
416.57
416.671
416.771
416.872
416.973
417.074
417.174
417.275
417.376
417.476
417.577
417.678
417.779
417.879
417.98
418.081
418.181
418.282
418.383
418.483
418.584
418.685
418.786
418.886
418.987
419.088
419.188
419.289
419.39
419.491
419.591
419.692
419.793
419.893
419.994
420.095
420.195
420.296
420.397
420.498
420.598
420.699
420.8
420.9
421.001
421.102
421.203
421.303
421.404
421.505
421.605
421.706
421.807
421.908
422.008
422.109
422.21
422.31
422.411
422.512
422.612
422.713
422.814
422.915
423.015
423.116
423.217
423.317
423.418
423.519
423.62
423.72
423.821
423.922
424.022
424.123
424.224
424.325
424.425
424.526
424.627
424.727
424.828
424.929
425.029
425.13
425.231
425.332
425.432
425.533
425.634
425.734
425.835
425.936
426.037
426.137
426.238
426.339
426.439
426.54
426.641
426.742
426.842
426.943
427.044
427.144
427.245
427.346
427.446
427.547
427.648
427.749
427.849
427.95
428.051
428.151
428.252
428.353
428.454
428.554
428.655
428.756
428.856
428.957
429.058
429.159
429.259
429.36
429.461
429.561
429.662
429.763
429.863
429.964
430.065
430.166
430.266
430.367
430.468
430.568
430.669
430.77
430.871
430.971
431.072
431.173
431.273
431.374
431.475
431.576
431.676
431.777
431.878
431.978
432.079
432.18
432.28
432.381
432.482
432.583
432.683
432.784
432.885
432.985
433.086
433.187
433.288
433.388
433.489
433.59
433.69
433.791
433.892
433.992
434.093
434.194
434.295
434.395
434.496
434.597
434.697
434.798
434.899
435
435.1
435.201
435.302
435.402
435.503
435.604
435.705
435.805
435.906
436.007
436.107
436.208
436.309
436.409
436.51
436.611
436.712
436.812
436.913
437.014
437.114
437.215
437.316
437.417
437.517
437.618
437.719
437.819
437.92
438.021
438.122
438.222
438.323
438.424
438.524
438.625
438.726
438.826
438.927
439.028
439.129
439.229
439.33
439.431
439.531
439.632
439.733
439.834
439.934
440.035
440.136
440.236
440.337
440.438
440.539
440.639
440.74
440.841
440.941
441.042
441.143
441.243
441.344
441.445
441.546
441.646
441.747
441.848
441.948
442.049
442.15
442.251
442.351
442.452
442.553
442.653
442.754
442.855
442.956
443.056
443.157
443.258
443.358
443.459
443.56
443.66
443.761
443.862
443.963
444.063
444.164
444.265
444.365
444.466
444.567
444.668
444.768
444.869
444.97
445.07
445.171
445.272
445.372
445.473
445.574
445.675
445.775
445.876
445.977
446.077
446.178
446.279
446.38
446.48
446.581
446.682
446.782
446.883
446.984
447.085
447.185
447.286
447.387
447.487
447.588
447.689
447.789
447.89
447.991
448.092
448.192
448.293
448.394
448.494
448.595
448.696
448.797
448.897
448.998
449.099
449.199
449.3
449.401
449.502
449.602
449.703
449.804
449.904
450.005
450.106
450.206
450.307
450.408
450.509
450.609
450.71
450.811
450.911
451.012
451.113
451.214
451.314
451.415
451.516
451.616
451.717
451.818
451.919
452.019
452.12
452.221
452.321
452.422
452.523
452.623
452.724
452.825
452.926
453.026
453.127
453.228
453.328
453.429
453.53
453.631
453.731
453.832
453.933
454.033
454.134
454.235
454.336
454.436
454.537
454.638
454.738
454.839
454.94
455.04
455.141
455.242
455.343
455.443
455.544
455.645
455.745
455.846
455.947
456.048
456.148
456.249
456.35
456.45
456.551
456.652
456.753
456.853
456.954
457.055
457.155
457.256
457.357
457.457
457.558
457.659
457.76
457.86
457.961
458.062
458.162
458.263
458.364
458.465
458.565
458.666
458.767
458.867
458.968
459.069
459.169
459.27
459.371
459.472
459.572
459.673
459.774
459.874
459.975
460.076
460.177
460.277
460.378
460.479
460.579
460.68
460.781
460.882
460.982
461.083
461.184
461.284
461.385
461.486
461.586
461.687
461.788
461.889
461.989
462.09
462.191
462.291
462.392
462.493
462.594
462.694
462.795
462.896
462.996
463.097
463.198
463.299
463.399
463.5
463.601
463.701
463.802
463.903
464.003
464.104
464.205
464.306
464.406
464.507
464.608
464.708
464.809
464.91
465.011
465.111
465.212
465.313
465.413
465.514
465.615
465.716
465.816
465.917
466.018
466.118
466.219
466.32
466.42
466.521
466.622
466.723
466.823
466.924
467.025
467.125
467.226
467.327
467.428
467.528
467.629
467.73
467.83
467.931
468.032
468.133
468.233
468.334
468.435
468.535
468.636
468.737
468.837
468.938
469.039
469.14
469.24
469.341
469.442
469.542
469.643
469.744
469.845
469.945
470.046
470.147
470.247
470.348
470.449
470.549
470.65
470.751
470.852
470.952
471.053
471.154
471.254
471.355
471.456
471.557
471.657
471.758
471.859
471.959
472.06
472.161
472.262
472.362
472.463
472.564
472.664
472.765
472.866
472.966
473.067
473.168
473.269
473.369
473.47
473.571
473.671
473.772
473.873
473.974
474.074
474.175
474.276
474.376
474.477
474.578
474.679
474.779
474.88
474.981
475.081
475.182
475.283
475.383
475.484
475.585
475.686
475.786
475.887
475.988
476.088
476.189
476.29
476.391
476.491
476.592
476.693
476.793
476.894
476.995
477.096
477.196
477.297
477.398
477.498
477.599
477.7
477.8
477.901
478.002
478.103
478.203
478.304
478.405
478.505
478.606
478.707
478.808
478.908
479.009
479.11
479.21
479.311
479.412
479.513
479.613
479.714
479.815
479.915
480.016
480.117
480.217
480.318
480.419
480.52
480.62
480.721
480.822
480.922
481.023
481.124
481.225
481.325
481.426
481.527
481.627
481.728
481.829
481.93
482.03
482.131
482.232
482.332
482.433
482.534
482.634
482.735
482.836
482.937
483.037
483.138
483.239
483.339
483.44
483.541
483.642
483.742
483.843
483.944
484.044
484.145
484.246
484.346
484.447
484.548
484.649
484.749
484.85
484.951
485.051
485.152
485.253
485.354
485.454
485.555
485.656
485.756
485.857
485.958
486.059
486.159
486.26
486.361
486.461
486.562
486.663
486.763
486.864
486.965
487.066
487.166
487.267
487.368
487.468
487.569
487.67
487.771
487.871
487.972
488.073
488.173
488.274
488.375
488.476
488.576
488.677
488.778
488.878
488.979
489.08
489.18
489.281
489.382
489.483
489.583
489.684
489.785
489.885
489.986
490.087
490.188
490.288
490.389
490.49
490.59
490.691
490.792
490.893
490.993
491.094
491.195
491.295
491.396
491.497
491.597
491.698
491.799
491.9
492
492.101
492.202
492.302
492.403
492.504
492.605
492.705
492.806
492.907
493.007
493.108
493.209
493.31
493.41
493.511
493.612
493.712
493.813
493.914
494.014
494.115
494.216
494.317
494.417
494.518
494.619
494.719
494.82
494.921
495.022
495.122
495.223
495.324
495.424
495.525
495.626
495.727
495.827
495.928
496.029
496.129
496.23
496.331
496.431
496.532
496.633
496.734
496.834
496.935
497.036
497.136
497.237
497.338
497.439
497.539
497.64
497.741
497.841
497.942
498.043
498.143
498.244
498.345
498.446
498.546
498.647
498.748
498.848
498.949
499.05
499.151
499.251
499.352
499.453
499.553
499.654
499.755
499.856
499.956
500.057
500.158
500.258
500.359
500.46
500.56
500.661
500.762
500.863
500.963
501.064
501.165
501.265
501.366
501.467
501.568
501.668
501.769
501.87
501.97
502.071
502.172
502.273
502.373
502.474
502.575
502.675
502.776
502.877
502.977
503.078
503.179
503.28
503.38
503.481
503.582
503.682
503.783
503.884
503.985
504.085
504.186
504.287
504.387
504.488
504.589
504.69
504.79
504.891
504.992
505.092
505.193
505.294
505.394
505.495
505.596
505.697
505.797
505.898
505.999
506.099
506.2
506.301
506.402
506.502
506.603
506.704
506.804
506.905
507.006
507.107
507.207
507.308
507.409
507.509
507.61
507.711
507.811
507.912
508.013
508.114
508.214
508.315
508.416
508.516
508.617
508.718
508.819
508.919
509.02
509.121
509.221
509.322
509.423
509.523
509.624
509.725
509.826
509.926
510.027
510.128
510.228
510.329
510.43
510.531
510.631
510.732
510.833
510.933
511.034
511.135
511.236
511.336
511.437
511.538
511.638
511.739
511.84
511.94
512.04
512.138
512.235
512.333
512.431
512.528
512.626
512.724
512.821
512.919
513.017
513.114
513.212
513.31
513.407
513.505
513.602
513.7
513.798
513.895
513.993
514.091
514.188
514.286
514.384
514.481
514.579
514.677
514.774
514.872
514.97
515.067
515.165
515.263
515.36
515.458
515.556
515.653
515.751
515.849
515.946
516.044
516.142
516.239
516.337
516.435
516.532
516.63
516.727
516.825
516.923
517.02
517.118
517.216
517.313
517.411
517.509
517.606
517.704
517.802
517.899
517.997
518.095
518.192
518.29
518.388
518.485
518.583
518.681
518.778
518.876
518.974
519.071
519.169
519.267
519.364
519.462
519.56
519.657
519.755
519.852
519.95
520.048
520.145
520.243
520.341
520.438
520.536
520.634
520.731
520.829
520.927
521.024
521.122
521.22
521.317
521.415
521.513
521.61
521.708
521.806
521.903
522.001
522.099
522.196
522.294
522.392
522.489
522.587
522.685
522.782
522.88
522.977
523.075
523.173
523.27
523.368
523.466
523.563
523.661
523.759
523.856
523.954
524.052
524.149
524.247
524.345
524.442
524.54
524.638
524.735
524.833
524.931
525.028
525.126
525.224
525.321
525.419
525.517
525.614
525.712
525.81
525.907
526.005
526.102
526.2
526.298
526.395
526.493
526.591
526.688
526.786
526.884
526.981
527.079
527.177
527.274
527.372
527.47
527.567
527.665
527.763
527.86
527.958
528.056
528.153
528.251
528.349
528.446
528.544
528.642
528.739
528.837
528.935
529.032
529.13
529.227
529.325
529.423
529.52
529.618
529.716
529.813
529.911
530.009
530.106
530.204
530.302
530.399
530.497
530.595
530.692
530.79
530.888
530.985
531.083
531.181
531.278
531.376
531.474
531.571
531.669
531.767
531.864
531.962
532.06
532.157
532.255
532.352
532.45
532.548
532.645
532.743
532.841
532.938
533.036
533.134
533.231
533.329
533.427
533.524
533.622
533.72
533.817
533.915
534.013
534.11
534.208
534.306
534.403
534.501
534.599
534.696
534.794
534.892
534.989
535.087
535.185
535.282
535.38
535.477
535.575
535.673
535.77
535.868
535.966
536.063
536.161
536.259
536.356
536.454
536.552
536.649
536.747
536.845
536.942
537.04
537.138
537.235
537.333
537.431
537.528
537.626
537.724
537.821
537.919
538.017
538.114
538.212
538.31
538.407
538.505
538.602
538.7
538.798
538.895
538.993
539.091
539.188
539.286
539.384
539.481
539.579
539.677
539.774
539.872
539.97
540.067
540.165
540.263
540.36
540.458
540.556
540.653
540.751
540.849
540.946
541.044
541.142
541.239
541.337
541.435
541.532
541.63
541.727
541.825
541.923
542.02
542.118
542.216
542.313
542.411
542.509
542.606
542.704
542.802
542.899
542.997
543.095
543.192
543.29
543.388
543.485
543.583
543.681
543.778
543.876
543.974
544.071
544.169
544.267
544.364
544.462
544.56
544.657
544.755
544.852
544.95
545.048
545.145
545.243
545.341
545.438
545.536
545.634
545.731
545.829
545.927
546.024
546.122
546.22
546.317
546.415
546.513
546.61
546.708
546.806
546.903
547.001
547.099
547.196
547.294
547.392
547.489
547.587
547.685
547.782
547.88
547.977
548.075
548.173
548.27
548.368
548.466
548.563
548.661
548.759
548.856
548.954
549.052
549.149
549.247
549.345
549.442
549.54
549.638
549.735
549.833
549.931
550.028
550.126
550.224
550.321
550.419
550.517
550.614
550.712
550.81
550.907
551.005
551.102
551.2
551.298
551.395
551.493
551.591
551.688
551.786
551.884
551.981
552.079
552.177
552.274
552.372
552.47
552.567
552.665
552.763
552.86
552.958
553.056
553.153
553.251
553.349
553.446
553.544
553.642
553.739
553.837
553.935
554.032
554.13
554.227
554.325
554.423
554.52
554.618
554.716
554.813
554.911
555.009
555.106
555.204
555.302
555.399
555.497
555.595
555.692
555.79
555.888
555.985
556.083
556.181
556.278
556.376
556.474
556.571
556.669
556.767
556.864
556.962
557.06
557.157
557.255
557.352
557.45
557.548
557.645
557.743
557.841
557.938
558.036
558.134
558.231
558.329
558.427
558.524
558.622
558.72
558.817
558.915
559.013
559.11
559.208
559.306
559.403
559.501
559.599
559.696
559.794
559.892
559.989
560.087
560.185
560.282
560.38
560.477
560.575
560.673
560.77
560.868
560.966
561.063
561.161
561.259
561.356
561.454
561.552
561.649
561.747
561.845
561.942
562.04
562.138
562.235
562.333
562.431
562.528
562.626
562.724
562.821
562.919
563.017
563.114
563.212
563.31
563.407
563.505
563.602
563.7
563.798
563.895
563.993
564.091
564.188
564.286
564.384
564.481
564.579
564.677
564.774
564.872
564.97
565.067
565.165
565.263
565.36
565.458
565.556
565.653
565.751
565.849
565.946
566.044
566.142
566.239
566.337
566.435
566.532
566.63
566.727
566.825
566.923
567.02
567.118
567.216
567.313
567.411
567.509
567.606
567.704
567.802
567.899
567.997
568.095
568.192
568.29
568.388
568.485
568.583
568.681
568.778
568.876
568.974
569.071
569.169
569.267
569.364
569.462
569.56
569.657
569.755
569.852
569.95
570.048
570.145
570.243
570.341
570.438
570.536
570.634
570.731
570.829
570.927
571.024
571.122
571.22
571.317
571.415
571.513
571.61
571.708
571.806
571.903
572.001
572.099
572.196
572.294
572.392
572.489
572.587
572.685
572.782
572.88
572.977
573.075
573.173
573.27
573.368
573.466
573.563
573.661
573.759
573.856
573.954
574.052
574.149
574.247
574.345
574.442
574.54
574.638
574.735
574.833
574.931
575.028
575.126
575.224
575.321
575.419
575.517
575.614
575.712
575.81
575.907
576.005
576.102
576.2
576.298
576.395
576.493
576.591
576.688
576.786
576.884
576.981
577.079
577.177
577.274
577.372
577.47
577.567
577.665
577.763
577.86
577.958
578.056
578.153
578.251
578.349
578.446
578.544
578.642
578.739
578.837
578.935
579.032
579.13
579.227
579.325
579.423
579.52
579.618
579.716
579.813
579.911
580.009
580.106
580.204
580.302
580.399
580.497
580.595
580.692
580.79
580.888
580.985
581.083
581.181
581.278
581.376
581.474
581.571
581.669
581.767
581.864
581.962
582.06
582.157
582.255
582.352
582.45
582.548
582.645
582.743
582.841
582.938
583.036
583.134
583.231
583.329
583.427
583.524
583.622
583.72
583.817
583.915
584.013
584.11
584.208
584.306
584.403
584.501
584.599
584.696
584.794
584.892
584.989
585.087
585.185
585.282
585.38
585.477
585.575
585.673
585.77
585.868
585.966
586.063
586.161
586.259
586.356
586.454
586.552
586.649
586.747
586.845
586.942
587.04
587.138
587.235
587.333
587.431
587.528
587.626
587.724
587.821
587.919
588.017
588.114
588.212
588.31
588.407
588.505
588.602
588.7
588.798
588.895
588.993
589.091
589.188
589.286
589.384
589.481
589.579
589.677
589.774
589.872
589.97
590.067
590.165
590.263
590.36
590.458
590.556
590.653
590.751
590.849
590.946
591.044
591.142
591.239
591.337
591.435
591.532
591.63
591.727
591.825
591.923
592.02
592.118
592.216
592.313
592.411
592.509
592.606
592.704
592.802
592.899
592.997
593.095
593.192
593.29
593.388
593.485
593.583
593.681
593.778
593.876
593.974
594.071
594.169
594.267
594.364
594.462
594.56
594.657
594.755
594.852
594.95
595.048
595.145
595.243
595.341
595.438
595.536
595.634
595.731
595.829
595.927
596.024
596.122
596.22
596.317
596.415
596.513
596.61
596.708
596.806
596.903
597.001
597.099
597.196
597.294
597.392
597.489
597.587
597.685
597.782
597.88
597.977
598.075
598.173
598.27
598.368
598.466
598.563
598.661
598.759
598.856
598.954
599.052
599.149
599.247
599.345
599.442
599.54
599.638
599.735
599.833
599.931
600.028
600.126
600.224
600.321
600.419
600.517
600.614
600.712
600.81
600.907
601.005
601.102
601.2
601.298
601.395
601.493
601.591
601.688
601.786
601.884
601.981
602.079
602.177
602.274
602.372
602.47
602.567
602.665
602.763
602.86
602.958
603.056
603.153
603.251
603.349
603.446
603.544
603.642
603.739
603.837
603.935
604.032
604.13
604.227
604.325
604.423
604.52
604.618
604.716
604.813
604.911
605.009
605.106
605.204
605.302
605.399
605.497
605.595
605.692
605.79
605.888
605.985
606.083
606.181
606.278
606.376
606.474
606.571
606.669
606.767
606.864
606.962
607.06
607.157
607.255
607.352
607.45
607.548
607.645
607.743
607.841
607.938
608.036
608.134
608.231
608.329
608.427
608.524
608.622
608.72
608.817
608.915
609.013
609.11
609.208
609.306
609.403
609.501
609.599
609.696
609.794
609.892
609.989
610.087
610.185
610.282
610.38
610.477
610.575
610.673
610.77
610.868
610.966
611.063
611.161
611.259
611.356
611.454
611.552
611.649
611.747
611.845
611.942
612.04
612.138
612.235
612.333
612.431
612.528
612.626
612.724
612.821
612.919
613.017
613.114
613.212
613.31
613.407
613.505
613.602
613.7
613.798
613.895
613.993
614.091
614.188
614.286
614.384
614.481
614.579
614.677
614.774
614.872
614.97
615.067
615.165
615.263
615.36
615.458
615.556
615.653
615.751
615.849
615.946
616.044
616.142
616.239
616.337
616.435
616.532
616.63
616.727
616.825
616.923
617.02
617.118
617.216
617.313
617.411
617.509
617.606
617.704
617.802
617.899
617.997
618.095
618.192
618.29
618.388
618.485
618.583
618.681
618.778
618.876
618.974
619.071
619.169
619.267
619.364
619.462
619.56
619.657
619.755
619.852
619.95
620.048
620.145
620.243
620.341
620.438
620.536
620.634
620.731
620.829
620.927
621.024
621.122
621.22
621.317
621.415
621.513
621.61
621.708
621.806
621.903
622.001
622.099
622.196
622.294
622.392
622.489
622.587
622.685
622.782
622.88
622.977
623.075
623.173
623.27
623.368
623.466
623.563
623.661
623.759
623.856
623.954
624.052
624.149
624.247
624.345
624.442
624.54
624.638
624.735
624.833
624.931
625.028
625.126
625.224
625.321
625.419
625.517
625.614
625.712
625.81
625.907
626.005
626.102
626.2
626.298
626.395
626.493
626.591
626.688
626.786
626.884
626.981
627.079
627.177
627.274
627.372
627.47
627.567
627.665
627.763
627.86
627.958
628.056
628.153
628.251
628.349
628.446
628.544
628.642
628.739
628.837
628.935
629.032
629.13
629.227
629.325
629.423
629.52
629.618
629.716
629.813
629.911
630.009
630.106
630.204
630.302
630.399
630.497
630.595
630.692
630.79
630.888
630.985
631.083
631.181
631.278
631.376
631.474
631.571
631.669
631.767
631.864
631.962
632.06
632.157
632.255
632.352
632.45
632.548
632.645
632.743
632.841
632.938
633.036
633.134
633.231
633.329
633.427
633.524
633.622
633.72
633.817
633.915
634.013
634.11
634.208
634.306
634.403
634.501
634.599
634.696
634.794
634.892
634.989
635.087
635.185
635.282
635.38
635.477
635.575
635.673
635.77
635.868
635.966
636.063
636.161
636.259
636.356
636.454
636.552
636.649
636.747
636.845
636.942
637.04
637.138
637.235
637.333
637.431
637.528
637.626
637.724
637.821
637.919
638.017
638.114
638.212
638.31
638.407
638.505
638.602
638.7
638.798
638.895
638.993
639.091
639.188
639.286
639.384
639.481
639.579
639.677
639.774
639.872
639.97
640.067
640.165
640.263
640.36
640.458
640.556
640.653
640.751
640.849
640.946
641.044
641.142
641.239
641.337
641.435
641.532
641.63
641.727
641.825
641.923
642.02
642.118
642.216
642.313
642.411
642.509
642.606
642.704
642.802
642.899
642.997
643.095
643.192
643.29
643.388
643.485
643.583
643.681
643.778
643.876
643.974
644.071
644.169
644.267
644.364
644.462
644.56
644.657
644.755
644.852
644.95
645.048
645.145
645.243
645.341
645.438
645.536
645.634
645.731
645.829
645.927
646.024
646.122
646.22
646.317
646.415
646.513
646.61
646.708
646.806
646.903
647.001
647.099
647.196
647.294
647.392
647.489
647.587
647.685
647.782
647.88
647.977
648.075
648.173
648.27
648.368
648.466
648.563
648.661
648.759
648.856
648.954
649.052
649.149
649.247
649.345
649.442
649.54
649.638
649.735
649.833
649.931
650.028
650.126
650.224
650.321
650.419
650.517
650.614
650.712
650.81
650.907
651.005
651.102
651.2
651.298
651.395
651.493
651.591
651.688
651.786
651.884
651.981
652.079
652.177
652.274
652.372
652.47
652.567
652.665
652.763
652.86
652.958
653.056
653.153
653.251
653.349
653.446
653.544
653.642
653.739
653.837
653.935
654.032
654.13
654.227
654.325
654.423
654.52
654.618
654.716
654.813
654.911
655.009
655.106
655.204
655.302
655.399
655.497
655.595
655.692
655.79
655.888
655.985
656.083
656.181
656.278
656.376
656.474
656.571
656.669
656.767
656.864
656.962
657.06
657.157
657.255
657.352
657.45
657.548
657.645
657.743
657.841
657.938
658.036
658.134
658.231
658.329
658.427
658.524
658.622
658.72
658.817
658.915
659.013
659.11
659.208
659.306
659.403
659.501
659.599
659.696
659.794
659.892
659.989
660.087
660.185
660.282
660.38
660.477
660.575
660.673
660.77
660.868
660.966
661.063
661.161
661.259
661.356
661.454
661.552
661.649
661.747
661.845
661.942
662.04
662.138
662.235
662.333
662.431
662.528
662.626
662.724
662.821
662.919
663.017
663.114
663.212
663.31
663.407
663.505
663.602
663.7
663.798
663.895
663.993
664.091
664.188
664.286
664.384
664.481
664.579
664.677
664.774
664.872
664.97
665.067
665.165
665.263
665.36
665.458
665.556
665.653
665.751
665.849
665.946
666.044
666.142
666.239
666.337
666.435
666.532
666.63
666.727
666.825
666.923
667.02
667.118
667.216
667.313
667.411
667.509
667.606
667.704
667.802
667.899
667.997
668.095
668.192
668.29
668.388
668.485
668.583
668.681
668.778
668.876
668.974
669.071
669.169
669.267
669.364
669.462
669.56
669.657
669.755
669.852
669.95
670.048
670.145
670.243
670.341
670.438
670.536
670.634
670.731
670.829
670.927
671.024
671.122
671.22
671.317
671.415
671.513
671.61
671.708
671.806
671.903
672.001
672.099
672.196
672.294
672.392
672.489
672.587
672.685
672.782
672.88
672.977
673.075
673.173
673.27
673.368
673.466
673.563
673.661
673.759
673.856
673.954
674.052
674.149
674.247
674.345
674.442
674.54
674.638
674.735
674.833
674.931
675.028
675.126
675.224
675.321
675.419
675.517
675.614
675.712
675.81
675.907
676.005
676.102
676.2
676.298
676.395
676.493
676.591
676.688
676.786
676.884
676.981
677.079
677.177
677.274
677.372
677.47
677.567
677.665
677.763
677.86
677.958
678.056
678.153
678.251
678.349
678.446
678.544
678.642
678.739
678.837
678.935
679.032
679.13
679.227
679.325
679.423
679.52
679.618
679.716
679.813
679.911
680.009
680.106
680.204
680.302
680.399
680.497
680.595
680.692
680.79
680.888
680.985
681.083
681.181
681.278
681.376
681.474
681.571
681.669
681.767
681.864
681.962
682.06
682.157
682.255
682.352
682.45
682.548
682.645
682.743
682.841
682.938
683.036
683.134
683.231
683.329
683.427
683.524
683.622
683.72
683.817
683.915
684.013
684.11
684.208
684.306
684.403
684.501
684.599
684.696
684.794
684.892
684.989
685.087
685.185
685.282
685.38
685.477
685.575
685.673
685.77
685.868
685.966
686.063
686.161
686.259
686.356
686.454
686.552
686.649
686.747
686.845
686.942
687.04
687.138
687.235
687.333
687.431
687.528
687.626
687.724
687.821
687.919
688.017
688.114
688.212
688.31
688.407
688.505
688.602
688.7
688.798
688.895
688.993
689.091
689.188
689.286
689.384
689.481
689.579
689.677
689.774
689.872
689.97
690.067
690.165
690.263
690.36
690.458
690.556
690.653
690.751
690.849
690.946
691.044
691.142
691.239
691.337
691.435
691.532
691.63
691.727
691.825
691.923
692.02
692.118
692.216
692.313
692.411
692.509
692.606
692.704
692.802
692.899
692.997
693.095
693.192
693.29
693.388
693.485
693.583
693.681
693.778
693.876
693.974
694.071
694.169
694.267
694.364
694.462
694.56
694.657
694.755
694.852
694.95
695.048
695.145
695.243
695.341
695.438
695.536
695.634
695.731
695.829
695.927
696.024
696.122
696.22
696.317
696.415
696.513
696.61
696.708
696.806
696.903
697.001
697.099
697.196
697.294
697.392
697.489
697.587
697.685
697.782
697.88
697.977
698.075
698.173
698.27
698.368
698.466
698.563
698.661
698.759
698.856
698.954
699.052
699.149
699.247
699.345
699.442
699.54
699.638
699.735
699.833
699.931
700.028
700.126
700.224
700.321
700.419
700.517
700.614
700.712
700.81
700.907
701.005
701.102
701.2
701.298
701.395
701.493
701.591
701.688
701.786
701.884
701.981
702.079
702.177
702.274
702.372
702.47
702.567
702.665
702.763
702.86
702.958
703.056
703.153
703.251
703.349
703.446
703.544
703.642
703.739
703.837
703.935
704.032
704.13
704.227
704.325
704.423
704.52
704.618
704.716
704.813
704.911
705.009
705.106
705.204
705.302
705.399
705.497
705.595
705.692
705.79
705.888
705.985
706.083
706.181
706.278
706.376
706.474
706.571
706.669
706.767
706.864
706.962
707.06
707.157
707.255
707.352
707.45
707.548
707.645
707.743
707.841
707.938
708.036
708.134
708.231
708.329
708.427
708.524
708.622
708.72
708.817
708.915
709.013
709.11
709.208
709.306
709.403
709.501
709.599
709.696
709.794
709.892
709.989
710.087
710.185
710.282
710.38
710.477
710.575
710.673
710.77
710.868
710.966
711.063
711.161
711.259
711.356
711.454
711.552
711.649
711.747
711.845
711.942
712.04
712.138
712.235
712.333
712.431
712.528
712.626
712.724
712.821
712.919
713.017
713.114
713.212
713.31
713.407
713.505
713.602
713.7
713.798
713.895
713.993
714.091
714.188
714.286
714.384
714.481
714.579
714.677
714.774
714.872
714.97
715.067
715.165
715.263
715.36
715.458
715.556
715.653
715.751
715.849
715.946
716.044
716.142
716.239
716.337
716.435
716.532
716.63
716.727
716.825
716.923
717.02
717.118
717.216
717.313
717.411
717.509
717.606
717.704
717.802
717.899
717.997
718.095
718.192
718.29
718.388
718.485
718.583
718.681
718.778
718.876
718.974
719.071
719.169
719.267
719.364
719.462
719.56
719.657
719.755
719.852
719.95
720.048
720.145
720.243
720.341
720.438
720.536
720.634
720.731
720.829
720.927
721.024
721.122
721.22
721.317
721.415
721.513
721.61
721.708
721.806
721.903
722.001
722.099
722.196
722.294
722.392
722.489
722.587
722.685
722.782
722.88
722.977
723.075
723.173
723.27
723.368
723.466
723.563
723.661
723.759
723.856
723.954
724.052
724.149
724.247
724.345
724.442
724.54
724.638
724.735
724.833
724.931
725.028
725.126
725.224
725.321
725.419
725.517
725.614
725.712
725.81
725.907
726.005
726.102
726.2
726.298
726.395
726.493
726.591
726.688
726.786
726.884
726.981
727.079
727.177
727.274
727.372
727.47
727.567
727.665
727.763
727.86
727.958
728.056
728.153
728.251
728.349
728.446
728.544
728.642
728.739
728.837
728.935
729.032
729.13
729.227
729.325
729.423
729.52
729.618
729.716
729.813
729.911
730.009
730.106
730.204
730.302
730.399
730.497
730.595
730.692
730.79
730.888
730.985
731.083
731.181
731.278
731.376
731.474
731.571
731.669
731.767
731.864
731.962
732.06
732.157
732.255
732.352
732.45
732.548
732.645
732.743
732.841
732.938
733.036
733.134
733.231
733.329
733.427
733.524
733.622
733.72
733.817
733.915
734.013
734.11
734.208
734.306
734.403
734.501
734.599
734.696
734.794
734.892
734.989
735.087
735.185
735.282
735.38
735.477
735.575
735.673
735.77
735.868
735.966
736.063
736.161
736.259
736.356
736.454
736.552
736.649
736.747
736.845
736.942
737.04
737.138
737.235
737.333
737.431
737.528
737.626
737.724
737.821
737.919
738.017
738.114
738.212
738.31
738.407
738.505
738.602
738.7
738.798
738.895
738.993
739.091
739.188
739.286
739.384
739.481
739.579
739.677
739.774
739.872
739.97
740.067
740.165
740.263
740.36
740.458
740.556
740.653
740.751
740.849
740.946
741.044
741.142
741.239
741.337
741.435
741.532
741.63
741.727
741.825
741.923
742.02
742.118
742.216
742.313
742.411
742.509
742.606
742.704
742.802
742.899
742.997
743.095
743.192
743.29
743.388
743.485
743.583
743.681
743.778
743.876
743.974
744.071
744.169
744.267
744.364
744.462
744.56
744.657
744.755
744.852
744.95
745.048
745.145
745.243
745.341
745.438
745.536
745.634
745.731
745.829
745.927
746.024
746.122
746.22
746.317
746.415
746.513
746.61
746.708
746.806
746.903
747.001
747.099
747.196
747.294
747.392
747.489
747.587
747.685
747.782
747.88
747.977
748.075
748.173
748.27
748.368
748.466
748.563
748.661
748.759
748.856
748.954
749.052
749.149
749.247
749.345
749.442
749.54
749.638
749.735
749.833
749.931
750.028
750.126
750.224
750.321
750.419
750.517
750.614
750.712
750.81
750.907
751.005
751.102
751.2
751.298
751.395
751.493
751.591
751.688
751.786
751.884
751.981
752.079
752.177
752.274
752.372
752.47
752.567
752.665
752.763
752.86
752.958
753.056
753.153
753.251
753.349
753.446
753.544
753.642
753.739
753.837
753.935
754.032
754.13
754.227
754.325
754.423
754.52
754.618
754.716
754.813
754.911
755.009
755.106
755.204
755.302
755.399
755.497
755.595
755.692
755.79
755.888
755.985
756.083
756.181
756.278
756.376
756.474
756.571
756.669
756.767
756.864
756.962
757.06
757.157
757.255
757.352
757.45
757.548
757.645
757.743
757.841
757.938
758.036
758.134
758.231
758.329
758.427
758.524
758.622
758.72
758.817
758.915
759.013
759.11
759.208
759.306
759.403
759.501
759.599
759.696
759.794
759.892
759.989
760.087
760.185
760.282
760.38
760.477
760.575
760.673
760.77
760.868
760.966
761.063
761.161
761.259
761.356
761.454
761.552
761.649
761.747
761.845
761.942
762.04
762.138
762.235
762.333
762.431
762.528
762.626
762.724
762.821
762.919
763.017
763.114
763.212
763.31
763.407
763.505
763.602
763.7
763.798
763.895
763.993
764.091
764.188
764.286
764.384
764.481
764.579
764.677
764.774
764.872
764.97
765.067
765.165
765.263
765.36
765.458
765.556
765.653
765.751
765.849
765.946
766.044
766.142
766.239
766.337
766.435
766.532
766.63
766.727
766.825
766.923
767.02
767.118
767.216
767.313
767.411
767.509
767.606
767.704
767.802
767.899
767.997
768.095
768.192
768.29
768.388
768.485
768.583
768.681
768.778
768.876
768.974
769.071
769.169
769.267
769.364
769.462
769.56
769.657
769.755
769.852
769.95
770.048
770.145
770.243
770.341
770.438
770.536
770.634
770.731
770.829
770.927
771.024
771.122
771.22
771.317
771.415
771.513
771.61
771.708
771.806
771.903
772.001
772.099
772.196
772.294
772.392
772.489
772.587
772.685
772.782
772.88
772.977
773.075
773.173
773.27
773.368
773.466
773.563
773.661
773.759
773.856
773.954
774.052
774.149
774.247
774.345
774.442
774.54
774.638
774.735
774.833
774.931
775.028
775.126
775.224
775.321
775.419
775.517
775.614
775.712
775.81
775.907
776.005
776.102
776.2
776.298
776.395
776.493
776.591
776.688
776.786
776.884
776.981
777.079
777.177
777.274
777.372
777.47
777.567
777.665
777.763
777.86
777.958
778.056
778.153
778.251
778.349
778.446
778.544
778.642
778.739
778.837
778.935
779.032
779.13
779.227
779.325
779.423
779.52
779.618
779.716
779.813
779.911
780.009
780.106
780.204
780.302
780.399
780.497
780.595
780.692
780.79
780.888
780.985
781.083
781.181
781.278
781.376
781.474
781.571
781.669
781.767
781.864
781.962
782.06
782.157
782.255
782.352
782.45
782.548
782.645
782.743
782.841
782.938
783.036
783.134
783.231
783.329
783.427
783.524
783.622
783.72
783.817
783.915
784.013
784.11
784.208
784.306
784.403
784.501
784.599
784.696
784.794
784.892
784.989
785.087
785.185
785.282
785.38
785.477
785.575
785.673
785.77
785.868
785.966
786.063
786.161
786.259
786.356
786.454
786.552
786.649
786.747
786.845
786.942
787.04
787.138
787.235
787.333
787.431
787.528
787.626
787.724
787.821
787.919
788.017
788.114
788.212
788.31
788.407
788.505
788.602
788.7
788.798
788.895
788.993
789.091
789.188
789.286
789.384
789.481
789.579
789.677
789.774
789.872
789.97
790.067
790.165
790.263
790.36
790.458
790.556
790.653
790.751
790.849
790.946
791.044
791.142
791.239
791.337
791.435
791.532
791.63
791.727
791.825
791.923
792.02
792.118
792.216
792.313
792.411
792.509
792.606
792.704
792.802
792.899
792.997
793.095
793.192
793.29
793.388
793.485
793.583
793.681
793.778
793.876
793.974
794.071
794.169
794.267
794.364
794.462
794.56
794.657
794.755
794.852
794.95
795.048
795.145
795.243
795.341
795.438
795.536
795.634
795.731
795.829
795.927
796.024
796.122
796.22
796.317
796.415
796.513
796.61
796.708
796.806
796.903
797.001
797.099
797.196
797.294
797.392
797.489
797.587
797.685
797.782
797.88
797.977
798.075
798.173
798.27
798.368
798.466
798.563
798.661
798.759
798.856
798.954
799.052
799.149
799.247
799.345
799.442
799.54
799.638
799.735
799.833
799.931
800.028
800.126
800.224
800.321
800.419
800.517
800.614
800.712
800.81
800.907
801.005
801.102
801.2
801.298
801.395
801.493
801.591
801.688
801.786
801.884
801.981
802.079
802.177
802.274
802.372
802.47
802.567
802.665
802.763
802.86
802.958
803.056
803.153
803.251
803.349
803.446
803.544
803.642
803.739
803.837
803.935
804.032
804.13
804.227
804.325
804.423
804.52
804.618
804.716
804.813
804.911
805.009
805.106
805.204
805.302
805.399
805.497
805.595
805.692
805.79
805.888
805.985
806.083
806.181
806.278
806.376
806.474
806.571
806.669
806.767
806.864
806.962
807.06
807.157
807.255
807.352
807.45
807.548
807.645
807.743
807.841
807.938
808.036
808.134
808.231
808.329
808.427
808.524
808.622
808.72
808.817
808.915
809.013
809.11
809.208
809.306
809.403
809.501
809.599
809.696
809.794
809.892
809.989
810.087
810.185
810.282
810.38
810.477
810.575
810.673
810.77
810.868
810.966
811.063
811.161
811.259
811.356
811.454
811.552
811.649
811.747
811.845
811.942
812.04
812.138
812.235
812.333
812.431
812.528
812.626
812.724
812.821
812.919
813.017
813.114
813.212
813.31
813.407
813.505
813.602
813.7
813.798
813.895
813.993
814.091
814.188
814.286
814.384
814.481
814.579
814.677
814.774
814.872
814.97
815.067
815.165
815.263
815.36
815.458
815.556
815.653
815.751
815.849
815.946
816.044
816.142
816.239
816.337
816.435
816.532
816.63
816.727
816.825
816.923
817.02
817.118
817.216
817.313
817.411
817.509
817.606
817.704
817.802
817.899
817.997
818.095
818.192
818.29
818.388
818.485
818.583
818.681
818.778
818.876
818.974
819.071
819.169
819.267
819.364
819.462
819.56
819.657
819.755
819.852
819.95
820.048
820.145
820.243
820.341
820.438
820.536
820.634
820.731
820.829
820.927
821.024
821.122
821.22
821.317
821.415
821.513
821.61
821.708
821.806
821.903
822.001
822.099
822.196
822.294
822.392
822.489
822.587
822.685
822.782
822.88
822.977
823.075
823.173
823.27
823.368
823.466
823.563
823.661
823.759
823.856
823.954
824.052
824.149
824.247
824.345
824.442
824.54
824.638
824.735
824.833
824.931
825.028
825.126
825.224
825.321
825.419
825.517
825.614
825.712
825.81
825.907
826.005
826.102
826.2
826.298
826.395
826.493
826.591
826.688
826.786
826.884
826.981
827.079
827.177
827.274
827.372
827.47
827.567
827.665
827.763
827.86
827.958
828.056
828.153
828.251
828.349
828.446
828.544
828.642
828.739
828.837
828.935
829.032
829.13
829.227
829.325
829.423
829.52
829.618
829.716
829.813
829.911
830.009
830.106
830.204
830.302
830.399
830.497
830.595
830.692
830.79
830.888
830.985
831.083
831.181
831.278
831.376
831.474
831.571
831.669
831.767
831.864
831.962
832.06
832.157
832.255
832.352
832.45
832.548
832.645
832.743
832.841
832.938
833.036
833.134
833.231
833.329
833.427
833.524
833.622
833.72
833.817
833.915
834.013
834.11
834.208
834.306
834.403
834.501
834.599
834.696
834.794
834.892
834.989
835.087
835.185
835.282
835.38
835.477
835.575
835.673
835.77
835.868
835.966
836.063
836.161
836.259
836.356
836.454
836.552
836.649
836.747
836.845
836.942
837.04
837.138
837.235
837.333
837.431
837.528
837.626
837.724
837.821
837.919
838.017
838.114
838.212
838.31
838.407
838.505
838.602
838.7
838.798
838.895
838.993
839.091
839.188
839.286
839.384
839.481
839.579
839.677
839.774
839.872
839.97
840.067
840.165
840.263
840.36
840.458
840.556
840.653
840.751
840.849
840.946
841.044
841.142
841.239
841.337
841.435
841.532
841.63
841.727
841.825
841.923
842.02
842.118
842.216
842.313
842.411
842.509
842.606
842.704
842.802
842.899
842.997
843.095
843.192
843.29
843.388
843.485
843.583
843.681
843.778
843.876
843.974
844.071
844.169
844.267
844.364
844.462
844.56
844.657
844.755
844.852
844.95
845.048
845.145
845.243
845.341
845.438
845.536
845.634
845.731
845.829
845.927
846.024
846.122
846.22
846.317
846.415
846.513
846.61
846.708
846.806
846.903
847.001
847.099
847.196
847.294
847.392
847.489
847.587
847.685
847.782
847.88
847.977
848.075
848.173
848.27
848.368
848.466
848.563
848.661
848.759
848.856
848.954
849.052
849.149
849.247
849.345
849.442
849.54
849.638
849.735
849.833
849.931
850.028
850.126
850.224
850.321
850.419
850.517
850.614
850.712
850.81
850.907
851.005
851.102
851.2
851.298
851.395
851.493
851.591
851.688
851.786
851.884
851.981
852.079
852.177
852.274
852.372
852.47
852.567
852.665
852.763
852.86
852.958
853.056
853.153
853.251
853.349
853.446
853.544
853.642
853.739
853.837
853.935
854.032
854.13
854.227
854.325
854.423
854.52
854.618
854.716
854.813
854.911
855.009
855.106
855.204
855.302
855.399
855.497
855.595
855.692
855.79
855.888
855.985
856.083
856.181
856.278
856.376
856.474
856.571
856.669
856.767
856.864
856.962
857.06
857.157
857.255
857.352
857.45
857.548
857.645
857.743
857.841
857.938
858.036
858.134
858.231
858.329
858.427
858.524
858.622
858.72
858.817
858.915
859.013
859.11
859.208
859.306
859.403
859.501
859.599
859.696
859.794
859.892
859.989
860.087
860.185
860.282
860.38
860.477
860.575
860.673
860.77
860.868
860.966
861.063
861.161
861.259
861.356
861.454
861.552
861.649
861.747
861.845
861.942
862.04
862.138
862.235
862.333
862.431
862.528
862.626
862.724
862.821
862.919
863.017
863.114
863.212
863.31
863.407
863.505
863.602
863.7
863.798
863.895
863.993
864.091
864.188
864.286
864.384
864.481
864.579
864.677
864.774
864.872
864.97
865.067
865.165
865.263
865.36
865.458
865.556
865.653
865.751
865.849
865.946
866.044
866.142
866.239
866.337
866.435
866.532
866.63
866.727
866.825
866.923
867.02
867.118
867.216
867.313
867.411
867.509
867.606
867.704
867.802
867.899
867.997
868.095
868.192
868.29
868.388
868.485
868.583
868.681
868.778
868.876
868.974
869.071
869.169
869.267
869.364
869.462
869.56
869.657
869.755
869.852
869.95
870.048
870.145
870.243
870.341
870.438
870.536
870.634
870.731
870.829
870.927
871.024
871.122
871.22
871.317
871.415
871.513
871.61
871.708
871.806
871.903
872.001
872.099
872.196
872.294
872.392
872.489
872.587
872.685
872.782
872.88
872.977
873.075
873.173
873.27
873.368
873.466
873.563
873.661
873.759
873.856
873.954
874.052
874.149
874.247
874.345
874.442
874.54
874.638
874.735
874.833
874.931
875.028
875.126
875.224
875.321
875.419
875.517
875.614
875.712
875.81
875.907
876.005
876.102
876.2
876.298
876.395
876.493
876.591
876.688
876.786
876.884
876.981
877.079
877.177
877.274
877.372
877.47
877.567
877.665
877.763
877.86
877.958
878.056
878.153
878.251
878.349
878.446
878.544
878.642
878.739
878.837
878.935
879.032
879.13
879.227
879.325
879.423
879.52
879.618
879.716
879.813
879.911
880.009
880.106
880.204
880.302
880.399
880.497
880.595
880.692
880.79
880.888
880.985
881.083
881.181
881.278
881.376
881.474
881.571
881.669
881.767
881.864
881.962
882.06
882.157
882.255
882.352
882.45
882.548
882.645
882.743
882.841
882.938
883.036
883.134
883.231
883.329
883.427
883.524
883.622
883.72
883.817
883.915
884.013
884.11
884.208
884.306
884.403
884.501
884.599
884.696
884.794
884.892
884.989
885.087
885.185
885.282
885.38
885.477
885.575
885.673
885.77
885.868
885.966
886.063
886.161
886.259
886.356
886.454
886.552
886.649
886.747
886.845
886.942
887.04
887.138
887.235
887.333
887.431
887.528
887.626
887.724
887.821
887.919
888.017
888.114
888.212
888.31
888.407
888.505
888.602
888.7
888.798
888.895
888.993
889.091
889.188
889.286
889.384
889.481
889.579
889.677
889.774
889.872
889.97
890.067
890.165
890.263
890.36
890.458
890.556
890.653
890.751
890.849
890.946
891.044
891.142
891.239
891.337
891.435
891.532
891.63
891.727
891.825
891.923
892.02
892.118
892.216
892.313
892.411
892.509
892.606
892.704
892.802
892.899
892.997
893.095
893.192
893.29
893.388
893.485
893.583
893.681
893.778
893.876
893.974
894.071
894.169
894.267
894.364
894.462
894.56
894.657
894.755
894.852
894.95
895.048
895.145
895.243
895.341
895.438
895.536
895.634
895.731
895.829
895.927
896.024
896.122
896.22
896.317
896.415
896.513
896.61
896.708
896.806
896.903
897.001
897.099
897.196
897.294
897.392
897.489
897.587
897.685
897.782
897.88
897.977
898.075
898.173
898.27
898.368
898.466
898.563
898.661
898.759
898.856
898.954
899.052
899.149
899.247
899.345
899.442
899.54
899.638
899.735
899.833
899.931
900.028
900.126
900.224
900.321
900.419
900.517
900.614
900.712
900.81
900.907
901.005
901.102
901.2
901.298
901.395
901.493
901.591
901.688
901.786
901.884
901.981
902.079
902.177
902.274
902.372
902.47
902.567
902.665
902.763
902.86
902.958
903.056
903.153
903.251
903.349
903.446
903.544
903.642
903.739
903.837
903.935
904.032
904.13
904.227
904.325
904.423
904.52
904.618
904.716
904.813
904.911
905.009
905.106
905.204
905.302
905.399
905.497
905.595
905.692
905.79
905.888
905.985
906.083
906.181
906.278
906.376
906.474
906.571
906.669
906.767
906.864
906.962
907.06
907.157
907.255
907.352
907.45
907.548
907.645
907.743
907.841
907.938
908.036
908.134
908.231
908.329
908.427
908.524
908.622
908.72
908.817
908.915
909.013
909.11
909.208
909.306
909.403
909.501
909.599
909.696
909.794
909.892
909.989
910.087
910.185
910.282
910.38
910.477
910.575
910.673
910.77
910.868
910.966
911.063
911.161
911.259
911.356
911.454
911.552
911.649
911.747
911.845
911.942
912.04
912.138
912.235
912.333
912.431
912.528
912.626
912.724
912.821
912.919
913.017
913.114
913.212
913.31
913.407
913.505
913.602
913.7
913.798
913.895
913.993
914.091
914.188
914.286
914.384
914.481
914.579
914.677
914.774
914.872
914.97
915.067
915.165
915.263
915.36
915.458
915.556
915.653
915.751
915.849
915.946
916.044
916.142
916.239
916.337
916.435
916.532
916.63
916.727
916.825
916.923
917.02
917.118
917.216
917.313
917.411
917.509
917.606
917.704
917.802
917.899
917.997
918.095
918.192
918.29
918.388
918.485
918.583
918.681
918.778
918.876
918.974
919.071
919.169
919.267
919.364
919.462
919.56
919.657
919.755
919.852
919.95
920.048
920.145
920.243
920.341
920.438
920.536
920.634
920.731
920.829
920.927
921.024
921.122
921.22
921.317
921.415
921.513
921.61
921.708
921.806
921.903
922.001
922.099
922.196
922.294
922.392
922.489
922.587
922.685
922.782
922.88
922.977
923.075
923.173
923.27
923.368
923.466
923.563
923.661
923.759
923.856
923.954
924.052
924.149
924.247
924.345
924.442
924.54
924.638
924.735
924.833
924.931
925.028
925.126
925.224
925.321
925.419
925.517
925.614
925.712
925.81
925.907
926.005
926.102
926.2
926.298
926.395
926.493
926.591
926.688
926.786
926.884
926.981
927.079
927.177
927.274
927.372
927.47
927.567
927.665
927.763
927.86
927.958
928.056
928.153
928.251
928.349
928.446
928.544
928.642
928.739
928.837
928.935
929.032
929.13
929.227
929.325
929.423
929.52
929.618
929.716
929.813
929.911
930.009
930.106
930.204
930.302
930.399
930.497
930.595
930.692
930.79
930.888
930.985
931.083
931.181
931.278
931.376
931.474
931.571
931.669
931.767
931.864
931.962
932.06
932.157
932.255
932.352
932.45
932.548
932.645
932.743
932.841
932.938
933.036
933.134
933.231
933.329
933.427
933.524
933.622
933.72
933.817
933.915
934.013
934.11
934.208
934.306
934.403
934.501
934.599
934.696
934.794
934.892
934.989
935.087
935.185
935.282
935.38
935.477
935.575
935.673
935.77
935.868
935.966
936.063
936.161
936.259
936.356
936.454
936.552
936.649
936.747
936.845
936.942
937.04
937.138
937.235
937.333
937.431
937.528
937.626
937.724
937.821
937.919
938.017
938.114
938.212
938.31
938.407
938.505
938.602
938.7
938.798
938.895
938.993
939.091
939.188
939.286
939.384
939.481
939.579
939.677
939.774
939.872
939.97
940.067
940.165
940.263
940.36
940.458
940.556
940.653
940.751
940.849
940.946
941.044
941.142
941.239
941.337
941.435
941.532
941.63
941.727
941.825
941.923
942.02
942.118
942.216
942.313
942.411
942.509
942.606
942.704
942.802
942.899
942.997
943.095
943.192
943.29
943.388
943.485
943.583
943.681
943.778
943.876
943.974
944.071
944.169
944.267
944.364
944.462
944.56
944.657
944.755
944.852
944.95
945.048
945.145
945.243
945.341
945.438
945.536
945.634
945.731
945.829
945.927
946.024
946.122
946.22
946.317
946.415
946.513
946.61
946.708
946.806
946.903
947.001
947.099
947.196
947.294
947.392
947.489
947.587
947.685
947.782
947.88
947.977
948.075
948.173
948.27
948.368
948.466
948.563
948.661
948.759
948.856
948.954
949.052
949.149
949.247
949.345
949.442
949.54
949.638
949.735
949.833
949.931
950.028
950.126
950.224
950.321
950.419
950.517
950.614
950.712
950.81
950.907
951.005
951.102
951.2
951.298
951.395
951.493
951.591
951.688
951.786
951.884
951.981
952.079
952.177
952.274
952.372
952.47
952.567
952.665
952.763
952.86
952.958
953.056
953.153
953.251
953.349
953.446
953.544
953.642
953.739
953.837
953.935
954.032
954.13
954.227
954.325
954.423
954.52
954.618
954.716
954.813
954.911
955.009
955.106
955.204
955.302
955.399
955.497
955.595
955.692
955.79
955.888
955.985
956.083
956.181
956.278
956.376
956.474
956.571
956.669
956.767
956.864
956.962
957.06
957.157
957.255
957.352
957.45
957.548
957.645
957.743
957.841
957.938
958.036
958.134
958.231
958.329
958.427
958.524
958.622
958.72
958.817
958.915
959.013
959.11
959.208
959.306
959.403
959.501
959.599
959.696
959.794
959.892
959.989
960.087
960.185
960.282
960.38
960.477
960.575
960.673
960.77
960.868
960.966
961.063
961.161
961.259
961.356
961.454
961.552
961.649
961.747
961.845
961.942
962.04
962.138
962.235
962.333
962.431
962.528
962.626
962.724
962.821
962.919
963.017
963.114
963.212
963.31
963.407
963.505
963.602
963.7
963.798
963.895
963.993
964.091
964.188
964.286
964.384
964.481
964.579
964.677
964.774
964.872
964.97
965.067
965.165
965.263
965.36
965.458
965.556
965.653
965.751
965.849
965.946
966.044
966.142
966.239
966.337
966.435
966.532
966.63
966.727
966.825
966.923
967.02
967.118
967.216
967.313
967.411
967.509
967.606
967.704
967.802
967.899
967.997
968.095
968.192
968.29
968.388
968.485
968.583
968.681
968.778
968.876
968.974
969.071
969.169
969.267
969.364
969.462
969.56
969.657
969.755
969.852
969.95
970.048
970.145
970.243
970.341
970.438
970.536
970.634
970.731
970.829
970.927
971.024
971.122
971.22
971.317
971.415
971.513
971.61
971.708
971.806
971.903
972.001
972.099
972.196
972.294
972.392
972.489
972.587
972.685
972.782
972.88
972.977
973.075
973.173
973.27
973.368
973.466
973.563
973.661
973.759
973.856
973.954
974.052
974.149
974.247
974.345
974.442
974.54
974.638
974.735
974.833
974.931
975.028
975.126
975.224
975.321
975.419
975.517
975.614
975.712
975.81
975.907
976.005
976.102
976.2
976.298
976.395
976.493
976.591
976.688
976.786
976.884
976.981
977.079
977.177
977.274
977.372
977.47
977.567
977.665
977.763
977.86
977.958
978.056
978.153
978.251
978.349
978.446
978.544
978.642
978.739
978.837
978.935
979.032
979.13
979.227
979.325
979.423
979.52
979.618
979.716
979.813
979.911
980.009
980.106
980.204
980.302
980.399
980.497
980.595
980.692
980.79
980.888
980.985
981.083
981.181
981.278
981.376
981.474
981.571
981.669
981.767
981.864
981.962
982.06
982.157
982.255
982.352
982.45
982.548
982.645
982.743
982.841
982.938
983.036
983.134
983.231
983.329
983.427
983.524
983.622
983.72
983.817
983.915
984.013
984.11
984.208
984.306
984.403
984.501
984.599
984.696
984.794
984.892
984.989
985.087
985.185
985.282
985.38
985.477
985.575
985.673
985.77
985.868
985.966
986.063
986.161
986.259
986.356
986.454
986.552
986.649
986.747
986.845
986.942
987.04
987.138
987.235
987.333
987.431
987.528
987.626
987.724
987.821
987.919
988.017
988.114
988.212
988.31
988.407
988.505
988.602
988.7
988.798
988.895
988.993
989.091
989.188
989.286
989.384
989.481
989.579
989.677
989.774
989.872
989.97
990.067
990.165
990.263
990.36
990.458
990.556
990.653
990.751
990.849
990.946
991.044
991.142
