0.323452 0.179054 0.146383 0.179966 0.418024 0.00396386 0.0610975 0.216736 0.179007 0.408192 
0.324605 0.17898 0.146724 0.181395 0.418399 0.00388966 0.0608397 0.217601 0.17937 0.408801 
0.325713 0.178721 0.146973 0.182719 0.418831 0.00372298 0.0604937 0.217784 0.179617 0.409452 
0.326871 0.178269 0.147164 0.184052 0.419351 0.00346019 0.0600407 0.21807 0.17978 0.410194 
0.328035 0.177651 0.1473 0.185338 0.419932 0.00311886 0.0595056 0.218446 0.17986 0.410992 
0.329174 0.176899 0.147388 0.18654 0.420553 0.00271725 0.0589114 0.218892 0.179863 0.411819 
0.33027 0.176045 0.147439 0.187642 0.421198 0.00227115 0.0582763 0.21939 0.179798 0.412657 
0.331318 0.175113 0.147465 0.188639 0.421856 0.00179274 0.0576131 0.219926 0.179676 0.413493 
0.332319 0.174126 0.147472 0.189536 0.422521 0.00129068 0.0569298 0.220486 0.179507 0.414323 
0.333277 0.173097 0.147471 0.190339 0.423191 0.000770874 0.0562313 0.220626 0.179297 0.415145 
0.334246 0.17198 0.147465 0.191097 0.423897 0.000210346 0.0554839 0.220855 0.179042 0.416 
0.335211 0.170801 0.147461 0.1918 0.424627 -0.000376955 0.0547042 0.22116 0.178751 0.416872 
0.336163 0.169582 0.147462 0.192444 0.425368 -0.00098074 0.0539038 0.221527 0.178432 0.41775 
0.337097 0.168337 0.147471 0.193028 0.426116 -0.00159399 0.0530904 0.221942 0.178089 0.418625 
0.338013 0.167079 0.14749 0.193555 0.426865 -0.00221222 0.0522685 0.222096 0.177729 0.419495 
0.338939 0.165772 0.147523 0.194046 0.427639 -0.00285211 0.0514147 0.222463 0.177341 0.420385 
0.339853 0.164455 0.147568 0.19449 0.428416 -0.00349518 0.0505527 0.222631 0.17694 0.421272 
0.340776 0.163101 0.147629 0.194901 0.429212 -0.00415417 0.0496644 0.222962 0.176517 0.422174 
0.341692 0.161741 0.147704 0.195274 0.430013 -0.00481515 0.0487678 0.223141 0.176082 0.423074 
0.342615 0.160352 0.147795 0.195617 0.43083 -0.00548774 0.0478493 0.223445 0.175631 0.423987 
0.343534 0.158958 0.147901 0.195927 0.431651 -0.00616142 0.0469226 0.223631 0.175169 0.424899 
0.34446 0.157544 0.148023 0.196211 0.432486 -0.00684342 0.0459773 0.223913 0.174694 0.425821 
0.345384 0.156125 0.14816 0.196468 0.433326 -0.00752579 0.0450239 0.224103 0.174211 0.426743 
0.346314 0.154691 0.148312 0.196701 0.434177 -0.00821393 0.0440547 0.224368 0.173716 0.427672 
0.347243 0.153254 0.148477 0.196911 0.435034 -0.00890179 0.0430778 0.224561 0.173214 0.428602 
0.348179 0.151806 0.148658 0.1971 0.435901 -0.00959344 0.0420872 0.224812 0.172702 0.429538 
0.349114 0.150356 0.148851 0.197269 0.436773 -0.0102842 0.0410894 0.225007 0.172184 0.430475 
0.350055 0.148898 0.149058 0.19742 0.437654 -0.0109772 0.0400797 0.225246 0.171658 0.431418 
0.350996 0.147439 0.149276 0.197554 0.438541 -0.0116689 0.0390632 0.22544 0.171126 0.43236 
0.351943 0.145974 0.149507 0.197671 0.439435 -0.0123615 0.0380364 0.225669 0.170588 0.433308 
0.35289 0.144509 0.149749 0.197774 0.440334 -0.0130523 0.0370033 0.225862 0.170044 0.434256 
0.353841 0.143039 0.150001 0.197862 0.441241 -0.013743 0.0359613 0.226082 0.169495 0.435207 
0.354794 0.14157 0.150263 0.197937 0.442152 -0.0144316 0.0349133 0.226273 0.168941 0.436159 
0.355751 0.140099 0.150535 0.198 0.443069 -0.0151192 0.0338575 0.226485 0.168382 0.437114 
0.356709 0.138628 0.150816 0.198051 0.443992 -0.0158043 0.0327963 0.226673 0.167819 0.43807 
0.35767 0.137155 0.151106 0.19809 0.44492 -0.0164879 0.0317281 0.226878 0.167251 0.439028 
0.358632 0.135684 0.151403 0.19812 0.445852 -0.0171686 0.030655 0.227063 0.16668 0.439987 
0.359598 0.134212 0.151707 0.19814 0.44679 -0.0178472 0.0295757 0.227261 0.166105 0.440948 
0.360565 0.132741 0.152019 0.19815 0.447732 -0.0185226 0.0284918 0.227442 0.165527 0.441909 
0.361534 0.131271 0.152338 0.198152 0.448679 -0.0191955 0.0274025 0.227633 0.164945 0.442872 
0.362505 0.129802 0.152662 0.198146 0.449629 -0.0198651 0.0263089 0.227811 0.16436 0.443836 
0.363478 0.128333 0.152993 0.198131 0.450585 -0.0205318 0.0252105 0.227996 0.163771 0.444801 
0.364452 0.126866 0.153328 0.19811 0.451543 -0.0211949 0.0241081 0.228169 0.16318 0.445766 
0.365429 0.125401 0.153669 0.198082 0.452506 -0.0218548 0.0230014 0.228348 0.162586 0.446732 
0.366406 0.123937 0.154015 0.198047 0.453473 -0.022511 0.0218911 0.228516 0.16199 0.447698 
0.367385 0.122474 0.154366 0.198006 0.454443 -0.0231638 0.0207768 0.228689 0.161391 0.448666 
0.368366 0.121013 0.15472 0.197959 0.455416 -0.0238127 0.0196591 0.228853 0.16079 0.449633 
0.369348 0.119554 0.155079 0.197907 0.456393 -0.0244579 0.0185379 0.22902 0.160186 0.450601 
0.37033 0.118097 0.155441 0.197849 0.457372 -0.0250993 0.0174137 0.229179 0.159581 0.45157 
0.371315 0.116641 0.155806 0.197786 0.458355 -0.0257368 0.0162861 0.22934 0.158973 0.452538 
0.3723 0.115187 0.156175 0.197719 0.459341 -0.0263703 0.0151557 0.229494 0.158363 0.453507 
0.373286 0.113736 0.156547 0.197647 0.460329 -0.0269998 0.0140223 0.229649 0.157751 0.454477 
0.374273 0.112286 0.156922 0.197571 0.461321 -0.0276253 0.0128864 0.229798 0.157138 0.455446 
0.375262 0.110838 0.157299 0.197491 0.462314 -0.0282468 0.0117476 0.229947 0.156522 0.456415 
0.376251 0.109392 0.157679 0.197407 0.46331 -0.0288641 0.0106065 0.23009 0.155905 0.457385 
0.377241 0.107948 0.158061 0.197319 0.464309 -0.0294774 0.0094628 0.230234 0.155287 0.458354 
0.378232 0.106506 0.158445 0.197229 0.46531 -0.0300865 0.00831689 0.230372 0.154667 0.459324 
0.379224 0.105066 0.158831 0.197134 0.466313 -0.0306915 0.00716869 0.23051 0.154045 0.460293 
0.380216 0.103628 0.159219 0.197037 0.467318 -0.0312923 0.00601842 0.230643 0.153422 0.461262 
0.381209 0.102192 0.159609 0.196937 0.468325 -0.031889 0.00486604 0.230775 0.152798 0.462231 
