0.6259 -0.591559 -0.514413 
0.62545 -0.591494 -0.513942 
0.625227 -0.591574 -0.513554 
0.625233 -0.591799 -0.513249 
0.625466 -0.592169 -0.513027 
0.625927 -0.592684 -0.512887 
0.626616 -0.593344 -0.51283 
0.627531 -0.594148 -0.512856 
0.628672 -0.595096 -0.512963 
0.630037 -0.596187 -0.513152 
0.631627 -0.59742 -0.513423 
0.63344 -0.598795 -0.513775 
0.635473 -0.60031 -0.514209 
0.637727 -0.601964 -0.514722 
0.640198 -0.603756 -0.515316 
0.642886 -0.605685 -0.511673 
0.64579 -0.607751 -0.508108 
0.648908 -0.609954 -0.504621 
0.65224 -0.612295 -0.50121 
0.655786 -0.614774 -0.497875 
0.659543 -0.617391 -0.494613 
0.663511 -0.620146 -0.491424 
0.667689 -0.623038 -0.488307 
0.672074 -0.626068 -0.48526 
0.676666 -0.629234 -0.482284 
0.681462 -0.632535 -0.479377 
0.686462 -0.635972 -0.476537 
0.691662 -0.639542 -0.473765 
0.697061 -0.643245 -0.471059 
0.702657 -0.647079 -0.468419 
0.708448 -0.651043 -0.465844 
0.714432 -0.655136 -0.463333 
0.720606 -0.659355 -0.460886 
0.726968 -0.663699 -0.458501 
0.733517 -0.668167 -0.45618 
0.740248 -0.672756 -0.45392 
0.74716 -0.677465 -0.451721 
0.754251 -0.682291 -0.449583 
0.761517 -0.687233 -0.447505 
0.768957 -0.692289 -0.445487 
0.776568 -0.697456 -0.443528 
0.784346 -0.702733 -0.441628 
0.79229 -0.708117 -0.439786 
0.800398 -0.713606 -0.438002 
0.808665 -0.719198 -0.436275 
0.81709 -0.724892 -0.431413 
0.825671 -0.730685 -0.426607 
0.834406 -0.736576 -0.421857 
0.843294 -0.742565 -0.417162 
0.852332 -0.74865 -0.412522 
0.86152 -0.75483 -0.407937 
0.870854 -0.761102 -0.403405 
0.880333 -0.767467 -0.398926 
0.889956 -0.773921 -0.394501 
0.899721 -0.780465 -0.390129 
0.909625 -0.787096 -0.385809 
0.919668 -0.793812 -0.381541 
0.929846 -0.800614 -0.377324 
0.940159 -0.807498 -0.373159 
0.932879 -0.814464 -0.369045 
0.925732 -0.821511 -0.364983 
0.918718 -0.828638 -0.360974 
0.911838 -0.835846 -0.357019 
0.905092 -0.843132 -0.353118 
0.89848 -0.850497 -0.349273 
0.892003 -0.85794 -0.345484 
0.885659 -0.86546 -0.341753 
0.879451 -0.873057 -0.338079 
0.873376 -0.857192 -0.334464 
0.867437 -0.841403 -0.330908 
0.861635 -0.825692 -0.327412 
0.855971 -0.810057 -0.323976 
0.850446 -0.794501 -0.320601 
0.845061 -0.779024 -0.317288 
0.839817 -0.763625 -0.314037 
0.834716 -0.748306 -0.310848 
0.829758 -0.733068 -0.307723 
0.824944 -0.717911 -0.30466 
0.820275 -0.702835 -0.301661 
0.815753 -0.687842 -0.298726 
0.811377 -0.672932 -0.295855 
0.80715 -0.658106 -0.293048 
0.803071 -0.643364 -0.290306 
0.799141 -0.628707 -0.287627 
0.795362 -0.614136 -0.285013 
0.791734 -0.599652 -0.282463 
0.788258 -0.585256 -0.279977 
0.784934 -0.570949 -0.277555 
0.781764 -0.556731 -0.273276 
0.778748 -0.542603 -0.269061 
0.775889 -0.528568 -0.26491 
0.773188 -0.514626 -0.260824 
0.770646 -0.500779 -0.256802 
0.768265 -0.487028 -0.252846 
0.766046 -0.473374 -0.248955 
0.763992 -0.459819 -0.245128 
0.762103 -0.446364 -0.241367 
0.76038 -0.433011 -0.237672 
0.758826 -0.419761 -0.234041 
0.757442 -0.406615 -0.230476 
0.756229 -0.393576 -0.226975 
0.755189 -0.380644 -0.22354 
0.754323 -0.367821 -0.220169 
0.753632 -0.355109 -0.216863 
0.753117 -0.34251 -0.213622 
0.752781 -0.330025 -0.210444 
0.752625 -0.317655 -0.20733 
0.752649 -0.305403 -0.20428 
0.752855 -0.29327 -0.201292 
0.753245 -0.281258 -0.198368 
0.753819 -0.269368 -0.195505 
0.754579 -0.257602 -0.192705 
0.755526 -0.245961 -0.189965 
0.756662 -0.234448 -0.187287 
0.757987 -0.223065 -0.184669 
0.759503 -0.211812 -0.182111 
0.76121 -0.200691 -0.179612 
0.76311 -0.189705 -0.177172 
0.765204 -0.178854 -0.17479 
0.767492 -0.16814 -0.172465 
0.769976 -0.157565 -0.170198 
0.772657 -0.14713 -0.167986 
0.775534 -0.136836 -0.16583 
0.778609 -0.126686 -0.16373 
0.781883 -0.116679 -0.161683 
0.785357 -0.106818 -0.159691 
0.789029 -0.0971039 -0.157751 
0.792902 -0.0875373 -0.155863 
0.796975 -0.0781193 -0.154028 
0.801249 -0.0688509 -0.152243 
0.805723 -0.0597329 -0.14952 
0.810399 -0.0507661 -0.146848 
0.815276 -0.0419509 -0.144225 
0.820355 -0.033288 -0.141652 
0.825636 -0.0247777 -0.139129 
0.831119 -0.0164203 -0.136654 
0.836804 -0.0082159 -0.134229 
0.84269 -0.000164599 -0.131851 
0.848778 0.00773371 -0.129523 
0.855066 0.0154792 -0.127242 
0.861555 0.0230723 -0.125008 
0.868243 0.0305133 -0.122822 
0.875129 0.0378029 -0.120683 
0.882213 0.0449417 -0.118591 
0.889493 0.0519306 -0.116545 
0.896968 0.0587703 -0.114545 
0.904637 0.065462 -0.112591 
0.912498 0.0720067 -0.110682 
0.92055 0.0784056 -0.108817 
0.92879 0.0846601 -0.106998 
0.917735 0.0907716 -0.105222 
0.906867 0.09674 -0.103491 
0.896186 0.102566 -0.101804 
0.885692 0.105667 -0.100162 
0.87539 0.108621 -0.0985645 
0.865286 0.111421 -0.0970121 
0.855387 0.114062 -0.0955049 
0.845698 0.116539 -0.0940432 
0.836227 0.118843 -0.0926271 
0.826979 0.12097 -0.0912568 
0.817962 0.122912 -0.0899326 
0.809182 0.124663 -0.0886545 
0.800646 0.126217 -0.0874227 
0.792362 0.127565 -0.0862374 
0.784337 0.128701 -0.0850986 
0.776577 0.129617 -0.0840066 
0.769091 0.130307 -0.0829614 
0.761886 0.130764 -0.0819632 
0.754968 0.13098 -0.0810119 
0.748345 0.130948 -0.0801078 
0.742024 0.130661 -0.0792508 
0.736012 0.130113 -0.078441 
0.730315 0.129296 -0.0776785 
0.72494 0.128206 -0.0769633 
0.719892 0.126835 -0.0762954 
0.715177 0.125178 -0.0756748 
0.7108 0.123231 -0.0751015 
0.706766 0.120988 -0.0745756 
0.703079 0.118447 -0.0740969 
0.699741 0.115602 -0.0736655 
0.696757 0.112452 -0.0732813 
0.694127 0.108994 -0.0729443 
0.691854 0.105226 -0.0726544 
0.689937 0.101149 -0.0724115 
0.688378 0.0967616 -0.0717317 
0.687176 0.0920647 -0.0710992 
0.686329 0.0870597 -0.0705146 
0.685837 0.0817486 -0.0699781 
0.685696 0.0761341 -0.0694901 
0.685905 0.0702193 -0.0690512 
0.68646 0.064008 -0.0686616 
0.687357 0.0575047 -0.0683218 
0.688591 0.0507141 -0.0680321 
0.690157 0.0436413 -0.0677929 
0.692051 0.036292 -0.0676046 
0.694267 0.028672 -0.0674674 
0.696799 0.0207875 -0.0673818 
0.699641 0.0126447 -0.067348 
0.702787 0.00425025 -0.0673663 
0.706231 -0.00438931 -0.0674371 
0.709965 -0.0132673 -0.0675606 
0.713985 -0.022377 -0.0677371 
0.718282 -0.0317117 -0.0679668 
0.722851 -0.0412648 -0.0682499 
0.727686 -0.0510297 -0.0685867 
0.73278 -0.0609998 -0.0689773 
0.738127 -0.0711689 -0.069422 
0.74372 -0.0815305 -0.0699208 
0.749555 -0.0920788 -0.0704738 
0.755624 -0.102808 -0.0710813 
0.761923 -0.113711 -0.0717433 
0.768445 -0.124784 -0.0724598 
0.775186 -0.13602 -0.0732309 
0.78214 -0.147416 -0.0740565 
0.789301 -0.158964 -0.0749368 
0.796666 -0.170661 -0.0758716 
0.80423 -0.182502 -0.0768609 
0.811987 -0.194482 -0.0779046 
0.819933 -0.206598 -0.0790026 
0.828065 -0.218844 -0.0801548 
0.836377 -0.231217 -0.081361 
0.844866 -0.243713 -0.082621 
0.853528 -0.256328 -0.0839347 
0.862359 -0.269059 -0.0853018 
0.871355 -0.281902 -0.086722 
0.880514 -0.294854 -0.0881951 
0.889831 -0.307912 -0.0897208 
0.899303 -0.321073 -0.0912988 
0.908927 -0.334335 -0.0929286 
0.9187 -0.347693 -0.0939938 
0.92862 -0.361147 -0.0951107 
0.938684 -0.374692 -0.0962793 
0.948889 -0.388328 -0.0974997 
0.959235 -0.402052 -0.0987718 
0.969718 -0.415862 -0.100096 
0.980337 -0.429756 -0.101471 
0.991089 -0.443732 -0.102898 
1.00197 -0.457788 -0.104376 
0.991 -0.471923 -0.105906 
0.980158 -0.486135 -0.107488 
0.969446 -0.500426 -0.109122 
0.958866 -0.514794 -0.110809 
0.948417 -0.529239 -0.112551 
0.938099 -0.543761 -0.114348 
0.927914 -0.55836 -0.116201 
0.917861 -0.573035 -0.11811 
0.907942 -0.587785 -0.120076 
0.898156 -0.602611 -0.122101 
0.888504 -0.617511 -0.124185 
0.878986 -0.632485 -0.126329 
0.869602 -0.647533 -0.128534 
0.860354 -0.662655 -0.130801 
0.851241 -0.677849 -0.133131 
0.842264 -0.674401 -0.135524 
0.833425 -0.671026 -0.137981 
0.824726 -0.667726 -0.140504 
0.816169 -0.664503 -0.143093 
0.807756 -0.661357 -0.145748 
0.79949 -0.658291 -0.14847 
0.791373 -0.655306 -0.151261 
0.783406 -0.652402 -0.15412 
0.775593 -0.649582 -0.157048 
0.767934 -0.646848 -0.160046 
0.760433 -0.6442 -0.163114 
0.75309 -0.64164 -0.166254 
0.745909 -0.639171 -0.169464 
0.738891 -0.636792 -0.172747 
0.732039 -0.634507 -0.176102 
0.725354 -0.632316 -0.17953 
0.718838 -0.630222 -0.183031 
0.712493 -0.628225 -0.186605 
0.706321 -0.626327 -0.190253 
0.700324 -0.624531 -0.193974 
0.694503 -0.622836 -0.19777 
0.688861 -0.621246 -0.201641 
0.683399 -0.619762 -0.205585 
0.678118 -0.618384 -0.208045 
0.673022 -0.617116 -0.210581 
0.668113 -0.615958 -0.213193 
0.663395 -0.614914 -0.215881 
0.658869 -0.613985 -0.218648 
0.654539 -0.613173 -0.221494 
0.650408 -0.61248 -0.224419 
0.646477 -0.611908 -0.227424 
0.642751 -0.611459 -0.230509 
0.63923 -0.611135 -0.233675 
0.635917 -0.610938 -0.236923 
0.632815 -0.61087 -0.240253 
0.629926 -0.610932 -0.243664 
0.627252 -0.611127 -0.247158 
0.624794 -0.611457 -0.250734 
0.622555 -0.611922 -0.254392 
0.620535 -0.612526 -0.258133 
0.618737 -0.613268 -0.261955 
0.617162 -0.614152 -0.265859 
0.615811 -0.615179 -0.269845 
0.614684 -0.61635 -0.273911 
0.613784 -0.617666 -0.278058 
0.61311 -0.619129 -0.282284 
0.612663 -0.62074 -0.286589 
