0.77624 0.894059 0.236502 0.318501 0.479205 0.0158115 0.144334 0.975776 0.586556 0.278054 
0.777138 0.894039 0.236642 0.320128 0.479501 0.0155179 0.144341 0.9772 0.587504 0.278192 
0.777923 0.893852 0.236563 0.321826 0.479806 0.0150671 0.144261 0.975788 0.58835 0.278224 
0.778671 0.893495 0.236293 0.323711 0.480142 0.0144388 0.144098 0.974849 0.589172 0.278161 
0.779356 0.892994 0.23587 0.325683 0.480496 0.0136701 0.143866 0.974382 0.589944 0.278014 
0.77997 0.892379 0.235334 0.327666 0.480856 0.0127972 0.143581 0.974347 0.590648 0.277793 
0.780509 0.891684 0.234721 0.329607 0.481214 0.01185 0.143256 0.974682 0.591282 0.277514 
0.780979 0.890937 0.234062 0.331477 0.481566 0.0108507 0.142902 0.975321 0.591848 0.277186 
0.781389 0.89016 0.233376 0.333263 0.481911 0.00981422 0.142528 0.976204 0.592353 0.27682 
0.781748 0.889371 0.232679 0.334961 0.482248 0.00875007 0.142138 0.975346 0.592804 0.276421 
0.782081 0.888534 0.231945 0.336658 0.482596 0.00760925 0.141717 0.974913 0.593232 0.275975 
0.782387 0.887672 0.231196 0.338321 0.482946 0.0064186 0.141275 0.974857 0.593633 0.275493 
0.782667 0.886805 0.230448 0.339927 0.483296 0.00519757 0.140821 0.975122 0.594007 0.274984 
0.782924 0.885946 0.229712 0.341467 0.483642 0.00395912 0.140361 0.975657 0.594353 0.274456 
0.783161 0.885104 0.228994 0.342935 0.483983 0.00271125 0.139899 0.975104 0.594676 0.273914 
0.783389 0.884258 0.228274 0.344379 0.48433 0.00141938 0.139422 0.9755 0.594987 0.273342 
0.783603 0.883434 0.227573 0.345762 0.484672 0.00012002 0.138945 0.975067 0.595281 0.272759 
0.783812 0.882616 0.226877 0.347116 0.485018 -0.00121326 0.138458 0.975359 0.595567 0.272152 
0.784012 0.881823 0.2262 0.348416 0.485362 -0.0025529 0.137973 0.975018 0.59584 0.271536 
0.784211 0.881042 0.22553 0.349685 0.485707 -0.00391897 0.137482 0.975232 0.596106 0.270902 
0.784405 0.880288 0.224877 0.350908 0.48605 -0.00529062 0.136994 0.974959 0.596364 0.270259 
0.784599 0.879552 0.224233 0.352101 0.486394 -0.00668299 0.136503 0.975115 0.596617 0.2696 
0.784791 0.878842 0.223604 0.353252 0.486737 -0.00808025 0.136015 0.974894 0.596864 0.268935 
0.784985 0.878154 0.222984 0.354374 0.487079 -0.00949385 0.135527 0.975007 0.597107 0.268257 
0.78518 0.877492 0.222375 0.35546 0.48742 -0.0109117 0.135044 0.974825 0.597346 0.267573 
0.785377 0.876853 0.221775 0.356518 0.48776 -0.0123424 0.134562 0.974904 0.597583 0.266878 
0.785576 0.876241 0.221184 0.357543 0.488099 -0.0137767 0.134085 0.974753 0.597817 0.266178 
0.785779 0.875652 0.220599 0.358542 0.488437 -0.0152212 0.133612 0.974807 0.598049 0.265469 
0.785985 0.87509 0.220022 0.359512 0.488773 -0.0166687 0.133144 0.974679 0.59828 0.264756 
0.786196 0.874552 0.21945 0.360457 0.489109 -0.0181242 0.13268 0.974713 0.59851 0.264035 
0.78641 0.87404 0.218883 0.361376 0.489442 -0.0195821 0.132223 0.974605 0.598739 0.26331 
0.786628 0.873551 0.218319 0.362273 0.489774 -0.0210462 0.131771 0.974624 0.598967 0.262579 
0.786851 0.873088 0.217759 0.363145 0.490104 -0.0225121 0.131326 0.97453 0.599195 0.261844 
0.787079 0.872648 0.2172 0.363996 0.490432 -0.0239828 0.130886 0.974537 0.599423 0.261104 
0.787312 0.872232 0.216643 0.364825 0.490759 -0.0254548 0.130454 0.974455 0.599651 0.26036 
0.78755 0.871839 0.216086 0.365635 0.491083 -0.0269304 0.130028 0.974453 0.59988 0.259612 
0.787792 0.871469 0.215529 0.366424 0.491406 -0.0284068 0.129609 0.97438 0.600109 0.258861 
0.788039 0.871122 0.214972 0.367195 0.491726 -0.0298857 0.129197 0.974372 0.600338 0.258107 
0.788292 0.870797 0.214413 0.367947 0.492045 -0.0313651 0.128792 0.974307 0.600568 0.257349 
0.788549 0.870494 0.213852 0.368682 0.492361 -0.0328461 0.128395 0.974294 0.600799 0.256589 
0.788811 0.870212 0.213289 0.369399 0.492675 -0.0343272 0.128005 0.974234 0.601031 0.255826 
0.789079 0.869952 0.212723 0.370101 0.492987 -0.0358091 0.127622 0.974217 0.601264 0.255061 
0.789351 0.869711 0.212153 0.370786 0.493296 -0.0372907 0.127246 0.974163 0.601498 0.254294 
0.789628 0.869491 0.21158 0.371456 0.493603 -0.0387726 0.126878 0.974144 0.601732 0.253524 
0.789909 0.869291 0.211003 0.37211 0.493908 -0.0402537 0.126517 0.974094 0.601968 0.252753 
0.790196 0.86911 0.210421 0.37275 0.49421 -0.0417346 0.126164 0.974072 0.602205 0.251979 
0.790487 0.868949 0.209835 0.373376 0.49451 -0.0432145 0.125818 0.974026 0.602443 0.251205 
0.790782 0.868805 0.209243 0.373989 0.494808 -0.0446936 0.125479 0.974003 0.602683 0.250428 
0.791082 0.868681 0.208647 0.374587 0.495103 -0.0461714 0.125147 0.97396 0.602923 0.24965 
0.791387 0.868574 0.208045 0.375173 0.495395 -0.047648 0.124823 0.973935 0.603165 0.248871 
0.791695 0.868484 0.207437 0.375745 0.495685 -0.049123 0.124505 0.973895 0.603408 0.248091 
0.792008 0.868412 0.206824 0.376306 0.495973 -0.0505965 0.124195 0.973871 0.603652 0.24731 
0.792326 0.868357 0.206205 0.376853 0.496258 -0.0520681 0.123891 0.973833 0.603898 0.246527 
0.792647 0.868318 0.20558 0.377389 0.49654 -0.053538 0.123594 0.973808 0.604145 0.245744 
0.792972 0.868295 0.204948 0.377914 0.49682 -0.0550057 0.123304 0.973773 0.604393 0.24496 
0.793301 0.868288 0.204311 0.378426 0.497097 -0.0564713 0.123021 0.973748 0.604643 0.244175 
0.793634 0.868297 0.203667 0.378928 0.497372 -0.0579346 0.122744 0.973715 0.604893 0.24339 
0.793971 0.868321 0.203017 0.379418 0.497644 -0.0593956 0.122473 0.97369 0.605145 0.242604 
0.794312 0.86836 0.20236 0.379898 0.497914 -0.060854 0.122209 0.973659 0.605399 0.241817 
0.794656 0.868414 0.201697 0.380367 0.498181 -0.06231 0.121951 0.973635 0.605654 0.24103 
