1e-005
0.00101
0.00201
0.00301
0.00401001
0.00501002
0.00601003
0.00701004
0.00801003
0.00900999
0.01001
0.0110099
0.0120099
0.0130098
0.0140098
0.0150098
0.0160098
0.0170098
0.0180099
0.0190099
0.02001
0.02101
0.0220101
0.0230101
0.0240102
0.0250102
0.0260103
0.0270104
0.0280104
0.0290105
0.0300105
0.0310106
0.0320105
0.0330103
0.0340102
0.0350101
0.03601
0.0370098
0.0380097
0.0390096
0.0400094
0.0410093
0.0420092
0.043009
0.0440089
0.0450088
0.0460086
0.0470085
0.0480084
0.0490082
0.0500081
0.051008
0.0520078
0.0530077
0.0540076
0.0550074
0.0560073
0.0570072
0.058007
0.0590069
0.0600068
0.0610067
0.0620065
0.0630064
0.0640063
0.0650061
0.066006
0.0670059
0.0680057
0.0690056
0.0700055
0.0710053
0.0720052
0.0730051
0.0740049
0.0750048
0.0760047
0.0770045
0.0780044
0.0790043
0.0800041
0.081004
0.0820039
0.0830037
0.0840036
0.0850035
0.0860033
0.0870032
0.0880031
0.089003
0.0900028
0.0910027
0.0920026
0.0930024
0.0940023
0.0950022
0.096002
0.0970019
0.0980018
0.0990016
0.100001
0.101001
0.102001
0.103001
0.104001
0.105001
0.106001
0.107001
0.108
0.109
0.11
0.111
0.112
0.113
0.114
0.115
0.115999
0.116999
0.117999
0.118999
0.119999
0.120999
0.121999
0.122998
0.123998
0.124998
0.125998
0.126998
0.127998
0.128998
0.129998
0.130997
0.131997
0.132997
0.133997
0.134997
0.135997
0.136997
0.137996
0.138996
0.139996
0.140996
0.141996
0.142996
0.143996
0.144996
0.145995
0.146995
0.147995
0.148995
0.149995
0.150995
0.151995
0.152994
0.153994
0.154994
0.155994
0.156994
0.157994
0.158994
0.159994
0.160993
0.161993
0.162993
0.163993
0.164993
0.165993
0.166993
0.167993
0.168992
0.169992
0.170992
0.171992
0.172992
0.173992
0.174992
0.175991
0.176991
0.177991
0.178991
0.179991
0.180991
0.181991
0.182991
0.18399
0.18499
0.18599
0.18699
0.18799
0.18899
0.18999
0.190989
0.191989
0.192989
0.193989
0.194989
0.195989
0.196989
0.197989
0.198988
0.199988
0.200988
0.201988
0.202988
0.203988
0.204988
0.205987
0.206987
0.207987
0.208987
0.209987
0.210987
0.211987
0.212987
0.213986
0.214986
0.215986
0.216986
0.217986
0.218986
0.219986
0.220986
0.221985
0.222985
0.223985
0.224985
0.225985
0.226985
0.227985
0.228984
0.229984
0.230984
0.231984
0.232984
0.233984
0.234984
0.235984
0.236983
0.237983
0.238983
0.239983
0.240983
0.241983
0.242983
0.243982
0.244982
0.245982
0.246982
0.247982
0.248982
0.249982
0.250983
0.251984
0.252986
0.253987
0.254988
0.25599
0.256991
0.257993
0.258994
0.259995
0.260997
0.261998
0.262999
0.264001
0.265002
0.266003
0.267005
0.268006
0.269007
0.270009
0.27101
0.272012
0.273013
0.274014
0.275016
0.276017
0.277018
0.27802
0.279021
0.280022
0.281024
0.282025
0.283026
0.284028
0.285029
0.286031
0.287032
0.288033
0.289035
0.290036
0.291037
0.292039
0.29304
0.294041
0.295043
0.296044
0.297045
0.298047
0.299048
0.30005
0.301051
0.302052
0.303054
0.304055
0.305056
0.306058
0.307059
0.30806
0.309062
0.310063
0.311065
0.312066
0.313067
0.314069
0.31507
0.316071
0.317073
0.318074
0.319075
0.320077
0.321078
0.322079
0.323081
0.324082
0.325084
0.326085
0.327086
0.328088
0.329089
0.33009
0.331092
0.332093
0.333094
0.334096
0.335097
0.336098
0.3371
0.338101
0.339103
0.340104
0.341105
0.342107
0.343108
0.344109
0.345111
0.346112
0.347113
0.348115
0.349116
0.350117
0.351119
0.35212
0.353122
0.354123
0.355124
0.356126
0.357127
0.358128
0.35913
0.360131
0.361132
0.362134
0.363135
0.364136
0.365138
0.366139
0.367141
0.368142
0.369143
0.370145
0.371146
0.372147
0.373149
0.37415
0.375151
0.376153
0.377154
0.378155
0.379157
0.380158
0.38116
0.382161
0.383162
0.384164
0.385165
0.386166
0.387168
0.388169
0.38917
0.390172
0.391173
0.392175
0.393176
0.394177
0.395179
0.39618
0.397181
0.398183
0.399184
0.400185
0.401187
0.402188
0.403189
0.404191
0.405192
0.406194
0.407195
0.408196
0.409198
0.410199
0.4112
0.412202
0.413203
0.414204
0.415206
0.416207
0.417208
0.41821
0.419211
0.420213
0.421214
0.422215
0.423217
0.424218
0.425219
0.426221
0.427222
0.428223
0.429225
0.430226
0.431227
0.432229
0.43323
0.434232
0.435233
0.436234
0.437236
0.438237
0.439238
0.44024
0.441241
0.442242
0.443244
0.444245
0.445246
0.446248
0.447249
0.448251
0.449252
0.450253
0.451255
0.452256
0.453257
0.454259
0.45526
0.456261
0.457263
0.458264
0.459266
0.460267
0.461268
0.46227
0.463271
0.464272
0.465274
0.466275
0.467276
0.468278
0.469279
0.47028
0.471282
0.472283
0.473285
0.474286
0.475287
0.476289
0.47729
0.478291
0.479293
0.480294
0.481295
0.482297
0.483298
0.484299
0.485301
0.486302
0.487304
0.488305
0.489306
0.490308
0.491309
0.49231
0.493312
0.494313
0.495314
0.496316
0.497317
0.498318
0.49932
0.500321
0.501323
0.502324
0.503325
0.504327
0.505328
0.506329
0.507331
0.508332
0.509333
0.510335
0.511336
0.512337
0.513339
0.51434
0.515342
0.516343
0.517344
0.518346
0.519347
0.520348
0.52135
0.522351
0.523352
0.524354
0.525355
0.526356
0.527358
0.528359
0.529361
0.530362
0.531363
0.532365
0.533366
0.534367
0.535369
0.53637
0.537371
0.538373
0.539374
0.540375
0.541377
0.542378
0.54338
0.544381
0.545382
0.546384
0.547385
0.548386
0.549388
0.550389
0.55139
0.552392
0.553393
0.554394
0.555396
0.556397
0.557399
0.5584
0.559401
0.560403
0.561404
0.562405
0.563407
0.564408
0.565409
0.566411
0.567412
0.568413
0.569415
0.570416
0.571418
0.572419
0.57342
0.574422
0.575423
0.576424
0.577426
0.578427
0.579428
0.58043
0.581431
0.582433
0.583434
0.584435
0.585437
0.586438
0.587439
0.588441
0.589442
0.590443
0.591445
0.592446
0.593447
0.594449
0.59545
0.596452
0.597453
0.598454
0.599456
0.600457
0.601458
0.60246
0.603461
0.604462
0.605464
0.606465
0.607466
0.608468
0.609469
0.610471
0.611472
0.612473
0.613475
0.614476
0.615477
0.616479
0.61748
0.618481
0.619483
0.620484
0.621485
0.622487
0.623488
0.62449
0.625491
0.626492
0.627494
0.628495
0.629496
0.630498
0.631499
0.6325
0.633502
0.634503
0.635504
0.636506
0.637507
0.638509
0.63951
0.640511
0.641513
0.642514
0.643515
0.644517
0.645518
0.646519
0.647521
0.648522
0.649523
0.650525
0.651526
0.652528
0.653529
0.65453
0.655532
0.656533
0.657534
0.658536
0.659537
0.660538
0.66154
0.662541
0.663543
0.664544
0.665545
0.666547
0.667548
0.668549
0.669551
0.670552
0.671553
0.672555
0.673556
0.674557
0.675559
0.67656
0.677562
0.678563
0.679564
0.680566
0.681567
0.682568
0.68357
0.684571
0.685572
0.686574
0.687575
0.688576
0.689578
0.690579
0.691581
0.692582
0.693583
0.694585
0.695586
0.696587
0.697589
0.69859
0.699591
0.700593
0.701594
0.702595
0.703597
0.704598
0.7056
0.706601
0.707602
0.708604
0.709605
0.710606
0.711608
0.712609
0.71361
0.714612
0.715613
0.716614
0.717616
0.718617
0.719619
0.72062
0.721621
0.722623
0.723624
0.724625
0.725627
0.726628
0.727629
0.728631
0.729632
0.730633
0.731635
0.732636
0.733638
0.734639
0.73564
0.736642
0.737643
0.738644
0.739646
0.740647
0.741648
0.74265
0.743651
0.744653
0.745654
0.746655
0.747657
0.748658
0.749659
0.750661
0.751662
0.752663
0.753665
0.754666
0.755667
0.756669
0.75767
0.758672
0.759673
0.760674
0.761676
0.762677
0.763678
0.76468
0.765681
0.766682
0.767684
0.768685
0.769686
0.770688
0.771689
0.772691
0.773692
0.774693
0.775695
0.776696
0.777697
0.778699
0.7797
0.780701
0.781703
0.782704
0.783705
0.784707
0.785708
0.78671
0.787711
0.788712
0.789714
0.790715
0.791716
0.792718
0.793719
0.79472
0.795722
0.796723
0.797724
0.798726
0.799727
0.800729
0.80173
0.802731
0.803733
0.804734
0.805735
0.806737
0.807738
0.808739
0.809741
0.810742
0.811743
0.812745
0.813746
0.814748
0.815749
0.81675
0.817752
0.818753
0.819754
0.820756
0.821757
0.822758
0.82376
0.824761
0.825763
0.826764
0.827765
0.828767
0.829768
0.830769
0.831771
0.832772
0.833773
0.834775
0.835776
0.836777
0.837779
0.83878
0.839782
0.840783
0.841784
0.842786
0.843787
0.844788
0.84579
0.846791
0.847792
0.848794
0.849795
0.850796
0.851798
0.852799
0.853801
0.854802
0.855803
0.856805
0.857806
0.858807
0.859809
0.86081
0.861811
0.862813
0.863814
0.864815
0.865817
0.866818
0.86782
0.868821
0.869822
0.870824
0.871825
0.872826
0.873828
0.874829
0.87583
0.876832
0.877833
0.878834
0.879836
0.880837
0.881839
0.88284
0.883841
0.884843
0.885844
0.886845
0.887847
0.888848
0.889849
0.890851
0.891852
0.892853
0.893855
0.894856
0.895858
0.896859
0.89786
0.898862
0.899863
0.900864
0.901866
0.902867
0.903868
0.90487
0.905871
0.906873
0.907874
0.908875
0.909877
0.910878
0.911879
0.912881
0.913882
0.914883
0.915885
0.916886
0.917887
0.918889
0.91989
0.920892
0.921893
0.922894
0.923896
0.924897
0.925898
0.9269
0.927901
0.928902
0.929904
0.930905
0.931906
0.932908
0.933909
0.934911
0.935912
0.936913
0.937915
0.938916
0.939917
0.940919
0.94192
0.942921
0.943923
0.944924
0.945925
0.946927
0.947928
0.94893
0.949931
0.950932
0.951934
0.952935
0.953936
0.954938
0.955939
0.95694
0.957942
0.958943
0.959944
0.960946
0.961947
0.962949
0.96395
0.964951
0.965953
0.966954
0.967955
0.968957
0.969958
0.970959
0.971961
0.972962
0.973963
0.974965
0.975966
0.976968
0.977969
0.97897
0.979972
0.980973
0.981974
0.982976
0.983977
0.984978
0.98598
0.986981
0.987983
0.988984
0.989985
0.990987
0.991988
0.992989
0.993991
0.994992
0.995993
0.996995
0.997996
0.998997
0.999999
1.001
1.002
1.003
1.004
1.00501
1.00601
1.00701
1.00801
1.00901
1.01001
1.01101
1.01202
1.01302
1.01402
1.01502
1.01602
1.01702
1.01802
1.01902
1.02003
1.02103
1.02203
1.02303
1.02403
1.02503
1.02603
1.02704
1.02804
1.02904
1.03004
1.03104
1.03204
1.03304
1.03404
1.03505
1.03605
1.03705
1.03805
1.03905
1.04005
1.04105
1.04206
1.04306
1.04406
1.04506
1.04606
1.04706
1.04806
1.04907
1.05007
1.05107
1.05207
1.05307
1.05407
1.05507
1.05607
1.05708
1.05808
1.05908
1.06008
1.06108
1.06208
1.06308
1.06409
1.06509
1.06609
1.06709
1.06809
1.06909
1.07009
1.0711
1.0721
1.0731
1.0741
1.0751
1.0761
1.0771
1.0781
1.07911
1.08011
1.08111
1.08211
1.08311
1.08411
1.08511
1.08612
1.08712
1.08812
1.08912
1.09012
1.09112
1.09212
1.09313
1.09413
1.09513
1.09613
1.09713
1.09813
1.09913
1.10013
1.10114
1.10214
1.10314
1.10414
1.10514
1.10614
1.10714
1.10815
1.10915
1.11015
1.11115
1.11215
1.11315
1.11415
1.11515
1.11616
1.11716
1.11816
1.11916
1.12016
1.12116
1.12216
1.12317
1.12417
1.12517
1.12617
1.12717
1.12817
1.12917
1.13018
1.13118
1.13218
1.13318
1.13418
1.13518
1.13618
1.13718
1.13819
1.13919
1.14019
1.14119
1.14219
1.14319
1.14419
1.1452
1.1462
1.1472
1.1482
1.1492
1.1502
1.1512
1.15221
1.15321
1.15421
1.15521
1.15621
1.15721
1.15821
1.15921
1.16022
1.16122
1.16222
1.16322
1.16422
1.16522
1.16622
1.16723
1.16823
1.16923
1.17023
1.17123
1.17223
1.17323
1.17424
1.17524
1.17624
1.17724
1.17824
1.17924
1.18024
1.18124
1.18225
1.18325
1.18425
1.18525
1.18625
1.18725
1.18825
1.18926
1.19026
1.19126
1.19226
1.19326
1.19426
1.19526
1.19626
1.19727
1.19827
1.19927
1.20027
1.20127
1.20227
1.20327
1.20428
1.20528
1.20628
1.20728
1.20828
1.20928
1.21028
1.21129
1.21229
1.21329
1.21429
1.21529
1.21629
1.21729
1.21829
1.2193
1.2203
1.2213
1.2223
1.2233
1.2243
1.2253
1.22631
1.22731
1.22831
1.22931
1.23031
1.23131
1.23231
1.23332
1.23432
1.23532
1.23632
1.23732
1.23832
1.23932
1.24032
1.24133
1.24233
1.24333
1.24433
1.24533
1.24633
1.24733
1.24834
1.24934
1.25034
1.25134
1.25234
1.25334
1.25434
1.25535
1.25635
1.25735
1.25835
1.25935
1.26035
1.26135
1.26235
1.26336
1.26436
1.26536
1.26636
1.26736
1.26836
1.26936
1.27037
1.27137
1.27237
1.27337
1.27437
1.27537
1.27637
1.27737
1.27838
1.27938
1.28038
1.28138
1.28238
1.28338
1.28438
1.28539
1.28639
1.28739
1.28839
1.28939
1.29039
1.29139
1.2924
1.2934
1.2944
1.2954
1.2964
1.2974
1.2984
1.2994
1.30041
1.30141
1.30241
1.30341
1.30441
1.30541
1.30641
1.30742
1.30842
1.30942
1.31042
1.31142
1.31242
1.31342
1.31443
1.31543
1.31643
1.31743
1.31843
1.31943
1.32043
1.32143
1.32244
1.32344
1.32444
1.32544
1.32644
1.32744
1.32844
1.32945
1.33045
1.33145
1.33245
1.33345
1.33445
1.33545
1.33646
1.33746
1.33846
1.33946
1.34046
1.34146
1.34246
1.34346
1.34447
1.34547
1.34647
1.34747
1.34847
1.34947
1.35047
1.35148
1.35248
1.35348
1.35448
1.35548
1.35648
1.35748
1.35848
1.35949
1.36049
1.36149
1.36249
1.36349
1.36449
1.36549
1.3665
1.3675
1.3685
1.3695
1.3705
1.3715
1.3725
1.37351
1.37451
1.37551
1.37651
1.37751
1.37851
1.37951
1.38051
1.38152
1.38252
1.38352
1.38452
1.38552
1.38652
1.38752
1.38853
1.38953
1.39053
1.39153
1.39253
1.39353
1.39453
1.39554
1.39654
1.39754
1.39854
1.39954
1.40054
1.40154
1.40254
1.40355
1.40455
1.40555
1.40655
1.40755
1.40855
1.40955
1.41056
1.41156
1.41256
1.41356
1.41456
1.41556
1.41656
1.41757
1.41857
1.41957
1.42057
1.42157
1.42257
1.42357
1.42457
1.42558
1.42658
1.42758
1.42858
1.42958
1.43058
1.43158
1.43259
1.43359
1.43459
1.43559
1.43659
1.43759
1.43859
1.43959
1.4406
1.4416
1.4426
1.4436
1.4446
1.4456
1.4466
1.44761
1.44861
1.44961
1.45061
1.45161
1.45261
1.45361
1.45462
1.45562
1.45662
1.45762
1.45862
1.45962
1.46062
1.46162
1.46263
1.46363
1.46463
1.46563
1.46663
1.46763
1.46863
1.46964
1.47064
1.47164
1.47264
1.47364
1.47464
1.47564
1.47665
1.47765
1.47865
1.47965
1.48065
1.48165
1.48265
1.48365
1.48466
1.48566
1.48666
1.48766
1.48866
1.48966
1.49066
1.49167
1.49267
1.49367
1.49467
1.49567
1.49667
1.49767
1.49868
1.49968
1.50068
1.50168
1.50268
1.50368
1.50468
1.50568
1.50669
1.50769
1.50869
1.50969
1.51069
1.51169
1.51269
1.5137
1.5147
1.5157
1.5167
1.5177
1.5187
1.5197
1.5207
1.52171
1.52271
1.52371
1.52471
1.52571
1.52671
1.52771
1.52872
1.52972
1.53072
1.53172
1.53272
1.53372
1.53472
1.53573
1.53673
1.53773
1.53873
1.53973
1.54073
1.54173
1.54273
1.54374
1.54474
1.54574
1.54674
1.54774
1.54874
1.54974
1.55075
1.55175
1.55275
1.55375
1.55475
1.55575
1.55675
1.55776
1.55876
1.55976
1.56076
1.56176
1.56276
1.56376
1.56476
1.56577
1.56677
1.56777
1.56877
1.56977
1.57077
1.57177
1.57278
1.57378
1.57478
1.57578
1.57678
1.57778
1.57878
1.57979
1.58079
1.58179
1.58279
1.58379
1.58479
1.58579
1.58679
1.5878
1.5888
1.5898
1.5908
1.5918
1.5928
1.5938
1.59481
1.59581
1.59681
1.59781
1.59881
1.59981
1.60081
1.60181
1.60282
1.60382
1.60482
1.60582
1.60682
1.60782
1.60882
1.60983
1.61083
1.61183
1.61283
1.61383
1.61483
1.61583
1.61684
1.61784
1.61884
1.61984
1.62084
1.62184
1.62284
1.62384
1.62485
1.62585
1.62685
1.62785
1.62885
1.62985
1.63085
1.63186
1.63286
1.63386
1.63486
1.63586
1.63686
1.63786
1.63887
1.63987
1.64087
1.64187
1.64287
1.64387
1.64487
1.64587
1.64688
1.64788
1.64888
1.64988
1.65088
1.65188
1.65288
1.65389
1.65489
1.65589
1.65689
1.65789
1.65889
1.65989
1.6609
1.6619
1.6629
1.6639
1.6649
1.6659
1.6669
1.6679
1.66891
1.66991
1.67091
1.67191
1.67291
1.67391
1.67491
1.67592
1.67692
1.67792
1.67892
1.67992
1.68092
1.68192
1.68292
1.68393
1.68493
1.68593
1.68693
1.68793
1.68893
1.68993
1.69094
1.69194
1.69294
1.69394
1.69494
1.69594
1.69694
1.69795
1.69895
1.69995
1.70095
1.70195
1.70295
1.70395
1.70495
1.70596
1.70696
1.70796
1.70896
1.70996
1.71096
1.71196
1.71297
1.71397
1.71497
1.71597
1.71697
1.71797
1.71897
1.71998
1.72098
1.72198
1.72298
1.72398
1.72498
1.72598
1.72698
1.72799
1.72899
1.72999
1.73099
1.73199
1.73299
1.73399
1.735
1.736
1.737
1.738
1.739
1.74
1.741
1.74201
1.74301
1.74401
1.74501
1.74601
1.74701
1.74801
1.74901
1.75002
1.75102
1.75202
1.75302
1.75402
1.75502
1.75602
1.75703
1.75803
1.75903
1.76003
1.76103
1.76203
1.76303
1.76403
1.76504
1.76604
1.76704
1.76804
1.76904
1.77004
1.77104
1.77205
1.77305
1.77405
1.77505
1.77605
1.77705
1.77805
1.77906
1.78006
1.78106
1.78206
1.78306
1.78406
1.78506
1.78606
1.78707
1.78807
1.78907
1.79007
1.79107
1.79207
1.79307
1.79408
1.79508
1.79608
1.79708
1.79808
1.79908
1.80008
1.80109
1.80209
1.80309
1.80409
1.80509
1.80609
1.80709
1.80809
1.8091
1.8101
1.8111
1.8121
1.8131
1.8141
1.8151
1.81611
1.81711
1.81811
1.81911
1.82011
1.82111
1.82211
1.82312
1.82412
1.82512
1.82612
1.82712
1.82812
1.82912
1.83012
1.83113
1.83213
1.83313
1.83413
1.83513
1.83613
1.83713
1.83814
1.83914
1.84014
1.84114
1.84214
1.84314
1.84414
1.84514
1.84615
1.84715
1.84815
1.84915
1.85015
1.85115
1.85215
1.85316
1.85416
1.85516
1.85616
1.85716
1.85816
1.85916
1.86017
1.86117
1.86217
1.86317
1.86417
1.86517
1.86617
1.86717
1.86818
1.86918
1.87018
1.87118
1.87218
1.87318
1.87418
1.87519
1.87619
1.87719
1.87819
1.87919
1.88019
1.88119
1.8822
1.8832
1.8842
1.8852
1.8862
1.8872
1.8882
1.8892
1.89021
1.89121
1.89221
1.89321
1.89421
1.89521
1.89621
1.89722
1.89822
1.89922
1.90022
1.90122
1.90222
1.90322
1.90423
1.90523
1.90623
1.90723
1.90823
1.90923
1.91023
1.91123
1.91224
1.91324
1.91424
1.91524
1.91624
1.91724
1.91824
1.91925
1.92025
1.92125
1.92225
1.92325
1.92425
1.92525
1.92625
1.92726
1.92826
1.92926
1.93026
1.93126
1.93226
1.93326
1.93427
1.93527
1.93627
1.93727
1.93827
1.93927
1.94027
1.94128
1.94228
1.94328
1.94428
1.94528
1.94628
1.94728
1.94828
1.94929
1.95029
1.95129
1.95229
1.95329
1.95429
1.95529
1.9563
1.9573
1.9583
1.9593
1.9603
1.9613
1.9623
1.96331
1.96431
1.96531
1.96631
1.96731
1.96831
1.96931
1.97031
1.97132
1.97232
1.97332
1.97432
1.97532
1.97632
1.97732
1.97833
1.97933
1.98033
1.98133
1.98233
1.98333
1.98433
1.98534
1.98634
1.98734
1.98834
1.98934
1.99034
1.99134
1.99234
1.99335
1.99435
1.99535
1.99635
1.99735
1.99835
1.99935
2.00036
2.00136
2.00236
2.00336
2.00436
2.00536
2.00636
2.00736
2.00837
2.00937
2.01037
2.01137
2.01237
2.01337
2.01437
2.01538
2.01638
2.01738
2.01838
2.01938
2.02038
2.02138
2.02239
2.02339
2.02439
2.02539
2.02639
2.02739
2.02839
2.02939
2.0304
2.0314
2.0324
2.0334
2.0344
2.0354
2.0364
2.03741
2.03841
2.03941
2.04041
2.04141
2.04241
2.04341
2.04442
2.04542
2.04642
2.04742
2.04842
2.04942
2.05042
2.05142
2.05243
2.05343
2.05443
2.05543
2.05643
2.05743
2.05843
2.05944
2.06044
2.06144
2.06244
2.06344
2.06444
2.06544
2.06645
2.06745
2.06845
2.06945
2.07045
2.07145
2.07245
2.07345
2.07446
2.07546
2.07646
2.07746
2.07846
2.07946
2.08046
2.08147
2.08247
2.08347
2.08447
2.08547
2.08647
2.08747
2.08847
2.08948
2.09048
2.09148
2.09248
2.09348
2.09448
2.09548
2.09649
2.09749
2.09849
2.09949
2.10049
2.10149
2.10249
2.1035
2.1045
2.1055
2.1065
2.1075
2.1085
2.1095
2.1105
2.11151
2.11251
2.11351
2.11451
2.11551
2.11651
2.11751
2.11852
2.11952
2.12052
2.12152
2.12252
2.12352
2.12452
2.12553
2.12653
2.12753
2.12853
2.12953
2.13053
2.13153
2.13253
2.13354
2.13454
2.13554
2.13654
2.13754
2.13854
2.13954
2.14055
2.14155
2.14255
2.14355
2.14455
2.14555
2.14655
2.14756
2.14856
2.14956
2.15056
2.15156
2.15256
2.15356
2.15456
2.15557
2.15657
2.15757
2.15857
2.15957
2.16057
2.16157
2.16258
2.16358
2.16458
2.16558
2.16658
2.16758
2.16858
2.16958
2.17059
2.17159
2.17259
2.17359
2.17459
2.17559
2.17659
2.1776
2.1786
2.1796
2.1806
2.1816
2.1826
2.1836
2.18461
2.18561
2.18661
2.18761
2.18861
2.18961
2.19061
2.19161
2.19262
2.19362
2.19462
2.19562
2.19662
2.19762
2.19862
2.19963
2.20063
2.20163
2.20263
2.20363
2.20463
2.20563
2.20664
2.20764
2.20864
2.20964
2.21064
2.21164
2.21264
2.21364
2.21465
2.21565
2.21665
2.21765
2.21865
2.21965
2.22065
2.22166
2.22266
2.22366
2.22466
2.22566
2.22666
2.22766
2.22867
2.22967
2.23067
2.23167
2.23267
2.23367
2.23467
2.23567
2.23668
2.23768
2.23868
2.23968
2.24068
2.24168
2.24268
2.24369
2.24469
2.24569
2.24669
2.24769
2.24869
2.24969
2.25069
2.2517
2.2527
2.2537
2.2547
2.2557
2.2567
2.2577
2.25871
2.25971
2.26071
2.26171
2.26271
2.26371
2.26471
2.26572
2.26672
2.26772
2.26872
2.26972
2.27072
2.27172
2.27272
2.27373
2.27473
2.27573
2.27673
2.27773
2.27873
2.27973
2.28074
2.28174
2.28274
2.28374
2.28474
2.28574
2.28674
2.28775
2.28875
2.28975
2.29075
2.29175
2.29275
2.29375
2.29475
2.29576
2.29676
2.29776
2.29876
2.29976
2.30076
2.30176
2.30277
2.30377
2.30477
2.30577
2.30677
2.30777
2.30877
2.30978
2.31078
2.31178
2.31278
2.31378
2.31478
2.31578
2.31678
2.31779
2.31879
2.31979
2.32079
2.32179
2.32279
2.32379
2.3248
2.3258
2.3268
2.3278
2.3288
2.3298
2.3308
2.3318
2.33281
2.33381
2.33481
2.33581
2.33681
2.33781
2.33881
2.33982
2.34082
2.34182
2.34282
2.34382
2.34482
2.34582
2.34683
2.34783
2.34883
2.34983
2.35083
2.35183
2.35283
2.35383
2.35484
2.35584
2.35684
2.35784
2.35884
2.35984
2.36084
2.36185
2.36285
2.36385
2.36485
2.36585
2.36685
2.36785
2.36886
2.36986
2.37086
2.37186
2.37286
2.37386
2.37486
2.37586
2.37687
2.37787
2.37887
2.37987
2.38087
2.38187
2.38287
2.38388
2.38488
2.38588
2.38688
2.38788
2.38888
2.38988
2.39089
2.39189
2.39289
2.39389
2.39489
2.39589
2.39689
2.39789
2.3989
2.3999
2.4009
2.4019
2.4029
2.4039
2.4049
2.40591
2.40691
2.40791
2.40891
2.40991
2.41091
2.41191
2.41291
2.41392
2.41492
2.41592
2.41692
2.41792
2.41892
2.41992
2.42093
2.42193
2.42293
2.42393
2.42493
2.42593
2.42693
2.42794
2.42894
2.42994
2.43094
2.43194
2.43294
2.43394
2.43494
2.43595
2.43695
2.43795
2.43895
2.43995
2.44095
2.44195
2.44296
2.44396
2.44496
2.44596
2.44696
2.44796
2.44896
2.44997
2.45097
2.45197
2.45297
2.45397
2.45497
2.45597
2.45697
2.45798
2.45898
2.45998
2.46098
2.46198
2.46298
2.46398
2.46499
2.46599
2.46699
2.46799
2.46899
2.46999
2.47099
2.472
2.473
2.474
2.475
2.476
2.477
2.478
2.479
2.48001
2.48101
2.48201
2.48301
2.48401
2.48501
2.48601
2.48702
2.48802
2.48902
2.49002
2.49102
2.49202
2.49302
2.49402
2.49503
2.49603
2.49703
2.49803
2.49903
2.50003
2.50103
2.50204
2.50304
2.50404
2.50504
2.50604
2.50704
2.50804
2.50905
2.51005
2.51105
2.51205
2.51305
2.51405
2.51505
2.51605
2.51706
2.51806
2.51906
2.52006
2.52106
2.52206
2.52306
2.52407
2.52507
2.52607
2.52707
2.52807
2.52907
2.53007
2.53108
2.53208
2.53308
2.53408
2.53508
2.53608
2.53708
2.53808
2.53909
2.54009
2.54109
2.54209
2.54309
2.54409
2.54509
2.5461
2.5471
2.5481
2.5491
2.5501
2.5511
2.5521
2.55311
2.55411
2.55511
2.55611
2.55711
2.55811
2.55911
2.56011
2.56112
2.56212
2.56312
2.56412
2.56512
2.56612
2.56712
2.56813
2.56913
2.57013
2.57113
2.57213
2.57313
2.57413
2.57513
2.57614
2.57714
2.57814
2.57914
2.58014
2.58114
2.58214
2.58315
2.58415
2.58515
2.58615
2.58715
2.58815
2.58915
2.59016
2.59116
2.59216
2.59316
2.59416
2.59516
2.59616
2.59716
2.59817
2.59917
2.60017
2.60117
2.60217
2.60317
2.60417
2.60518
2.60618
2.60718
2.60818
2.60918
2.61018
2.61118
2.61219
2.61319
2.61419
2.61519
2.61619
2.61719
2.61819
2.61919
2.6202
2.6212
2.6222
2.6232
2.6242
2.6252
2.6262
2.62721
2.62821
2.62921
2.63021
2.63121
2.63221
2.63321
2.63422
2.63522
2.63622
2.63722
2.63822
2.63922
2.64022
2.64122
2.64223
2.64323
2.64423
2.64523
2.64623
2.64723
2.64823
2.64924
2.65024
2.65124
2.65224
2.65324
2.65424
2.65524
2.65624
2.65725
2.65825
2.65925
2.66025
2.66125
2.66225
2.66325
2.66426
2.66526
2.66626
2.66726
2.66826
2.66926
2.67026
2.67127
2.67227
2.67327
2.67427
2.67527
2.67627
2.67727
2.67827
2.67928
2.68028
2.68128
2.68228
2.68328
2.68428
2.68528
2.68629
2.68729
2.68829
2.68929
2.69029
2.69129
2.69229
2.6933
2.6943
2.6953
2.6963
2.6973
2.6983
2.6993
2.7003
2.70131
2.70231
2.70331
2.70431
2.70531
2.70631
2.70731
2.70832
2.70932
2.71032
2.71132
2.71232
2.71332
2.71432
2.71533
2.71633
2.71733
2.71833
2.71933
2.72033
2.72133
2.72233
2.72334
2.72434
2.72534
2.72634
2.72734
2.72834
2.72934
2.73035
2.73135
2.73235
2.73335
2.73435
2.73535
2.73635
2.73735
2.73836
2.73936
2.74036
2.74136
2.74236
2.74336
2.74436
2.74537
2.74637
2.74737
2.74837
2.74937
2.75037
2.75137
2.75238
2.75338
2.75438
2.75538
2.75638
2.75738
2.75838
2.75938
2.76039
2.76139
2.76239
2.76339
2.76439
2.76539
2.76639
2.7674
2.7684
2.7694
2.7704
2.7714
2.7724
2.7734
2.77441
2.77541
2.77641
2.77741
2.77841
2.77941
2.78041
2.78141
2.78242
2.78342
2.78442
2.78542
2.78642
2.78742
2.78842
2.78943
2.79043
2.79143
2.79243
2.79343
2.79443
2.79543
2.79644
2.79744
2.79844
2.79944
2.80044
2.80144
2.80244
2.80344
2.80445
2.80545
2.80645
2.80745
2.80845
2.80945
2.81045
2.81146
2.81246
2.81346
2.81446
2.81546
2.81646
2.81746
2.81846
2.81947
2.82047
2.82147
2.82247
2.82347
2.82447
2.82547
2.82648
2.82748
2.82848
2.82948
2.83048
2.83148
2.83248
2.83349
2.83449
2.83549
2.83649
2.83749
2.83849
2.83949
2.84049
2.8415
2.8425
2.8435
2.8445
2.8455
2.8465
2.8475
2.84851
2.84951
2.85051
2.85151
2.85251
2.85351
2.85451
2.85552
2.85652
2.85752
2.85852
2.85952
2.86052
2.86152
2.86252
2.86353
2.86453
2.86553
2.86653
2.86753
2.86853
2.86953
2.87054
2.87154
2.87254
2.87354
2.87454
2.87554
2.87654
2.87755
2.87855
2.87955
2.88055
2.88155
2.88255
2.88355
2.88455
2.88556
2.88656
2.88756
2.88856
2.88956
2.89056
2.89156
2.89257
2.89357
2.89457
2.89557
2.89657
2.89757
2.89857
2.89957
2.90058
2.90158
2.90258
2.90358
2.90458
2.90558
2.90658
2.90759
2.90859
2.90959
2.91059
2.91159
2.91259
2.91359
2.9146
2.9156
2.9166
2.9176
2.9186
2.9196
2.9206
2.9216
2.92261
2.92361
2.92461
2.92561
2.92661
2.92761
2.92861
2.92962
2.93062
2.93162
2.93262
2.93362
2.93462
2.93562
2.93663
2.93763
2.93863
2.93963
2.94063
2.94163
2.94263
2.94363
2.94464
2.94564
2.94664
2.94764
2.94864
2.94964
2.95064
2.95165
2.95265
2.95365
2.95465
2.95565
2.95665
2.95765
2.95866
2.95966
2.96066
2.96166
2.96266
2.96366
2.96466
2.96566
2.96667
2.96767
2.96867
2.96967
2.97067
2.97167
2.97267
2.97368
2.97468
2.97568
2.97668
2.97768
2.97868
2.97968
2.98068
2.98169
2.98269
2.98369
2.98469
2.98569
2.98669
2.98769
2.9887
2.9897
2.9907
2.9917
2.9927
2.9937
2.9947
2.99571
2.99671
2.99771
2.99871
2.99971
3.00071
3.00171
3.00271
3.00372
3.00472
3.00572
3.00672
3.00772
3.00872
3.00972
3.01073
3.01173
3.01273
3.01373
3.01473
3.01573
3.01673
3.01774
3.01874
3.01974
3.02074
3.02174
3.02274
3.02374
3.02474
3.02575
3.02675
3.02775
3.02875
3.02975
3.03075
3.03175
3.03276
3.03376
3.03476
3.03576
3.03676
3.03776
3.03876
3.03977
3.04077
3.04177
3.04277
3.04377
3.04477
3.04577
3.04677
3.04778
3.04878
3.04978
3.05078
3.05178
3.05278
3.05378
3.05479
3.05579
3.05679
3.05779
3.05879
3.05979
3.06079
3.06179
3.0628
3.0638
3.0648
3.0658
3.0668
3.0678
3.0688
3.06981
3.07081
3.07181
3.07281
3.07381
3.07481
3.07581
3.07682
3.07782
3.07882
3.07982
3.08082
3.08182
3.08282
3.08382
3.08483
3.08583
3.08683
3.08783
3.08883
3.08983
3.09083
3.09184
3.09284
3.09384
3.09484
3.09584
3.09684
3.09784
3.09885
3.09985
3.10085
3.10185
3.10285
3.10385
3.10485
3.10585
3.10686
3.10786
3.10886
3.10986
3.11086
3.11186
3.11286
3.11387
3.11487
3.11587
3.11687
3.11787
3.11887
3.11987
3.12088
3.12188
3.12288
3.12388
3.12488
3.12588
3.12688
3.12788
3.12889
3.12989
3.13089
3.13189
3.13289
3.13389
3.13489
3.1359
3.1369
3.1379
3.1389
3.1399
3.1409
3.1419
3.1429
3.14391
3.14491
3.14591
3.14691
3.14791
3.14891
3.14991
3.15092
3.15192
3.15292
3.15392
3.15492
3.15592
3.15692
3.15793
3.15893
3.15993
3.16093
3.16193
3.16293
3.16393
3.16493
3.16594
3.16694
3.16794
3.16894
3.16994
3.17094
3.17194
3.17295
3.17395
3.17495
3.17595
3.17695
3.17795
3.17895
3.17996
3.18096
3.18196
3.18296
3.18396
3.18496
3.18596
3.18696
3.18797
3.18897
3.18997
3.19097
3.19197
3.19297
3.19397
3.19498
3.19598
3.19698
3.19798
3.19898
3.19998
3.20098
3.20199
3.20299
3.20399
3.20499
3.20599
3.20699
3.20799
3.20899
3.21
3.211
3.212
3.213
3.214
3.215
3.216
3.21701
3.21801
3.21901
3.22001
3.22101
3.22201
3.22301
3.22401
3.22502
3.22602
3.22702
3.22802
3.22902
3.23002
3.23102
3.23203
3.23303
3.23403
3.23503
3.23603
3.23703
3.23803
3.23904
3.24004
3.24104
3.24204
3.24304
3.24404
3.24504
3.24604
3.24705
3.24805
3.24905
3.25005
3.25105
3.25205
3.25305
3.25406
3.25506
3.25606
3.25706
3.25806
3.25906
3.26006
3.26107
3.26207
3.26307
3.26407
3.26507
3.26607
3.26707
3.26807
3.26908
3.27008
3.27108
3.27208
3.27308
3.27408
3.27508
3.27609
3.27709
3.27809
3.27909
3.28009
3.28109
3.28209
3.2831
3.2841
3.2851
3.2861
3.2871
3.2881
3.2891
3.2901
3.29111
3.29211
3.29311
3.29411
3.29511
3.29611
3.29711
3.29812
3.29912
3.30012
3.30112
3.30212
3.30312
3.30412
3.30512
3.30613
3.30713
3.30813
3.30913
3.31013
3.31113
3.31213
3.31314
3.31414
3.31514
3.31614
3.31714
3.31814
3.31914
3.32015
3.32115
3.32215
3.32315
3.32415
3.32515
3.32615
3.32715
3.32816
3.32916
3.33016
3.33116
3.33216
3.33316
3.33416
3.33517
3.33617
3.33717
3.33817
3.33917
3.34017
3.34117
3.34218
3.34318
3.34418
3.34518
3.34618
3.34718
3.34818
3.34918
3.35019
3.35119
3.35219
3.35319
3.35419
3.35519
3.35619
3.3572
3.3582
3.3592
3.3602
3.3612
3.3622
3.3632
3.36421
3.36521
3.36621
3.36721
3.36821
3.36921
3.37021
3.37121
3.37222
3.37322
3.37422
3.37522
3.37622
3.37722
3.37822
3.37923
3.38023
3.38123
3.38223
3.38323
3.38423
3.38523
3.38623
3.38724
3.38824
3.38924
3.39024
3.39124
3.39224
3.39324
3.39425
3.39525
3.39625
3.39725
3.39825
3.39925
3.40025
3.40126
3.40226
3.40326
3.40426
3.40526
3.40626
3.40726
3.40826
3.40927
3.41027
3.41127
3.41227
3.41327
3.41427
3.41527
3.41628
3.41728
3.41828
3.41928
3.42028
3.42128
3.42228
3.42329
3.42429
3.42529
3.42629
3.42729
3.42829
3.42929
3.43029
3.4313
3.4323
3.4333
3.4343
3.4353
3.4363
3.4373
3.43831
3.43931
3.44031
3.44131
3.44231
3.44331
3.44431
3.44532
3.44632
3.44732
3.44832
3.44932
3.45032
3.45132
3.45232
3.45333
3.45433
3.45533
3.45633
3.45733
3.45833
3.45933
3.46034
3.46134
3.46234
3.46334
3.46434
3.46534
3.46634
3.46734
3.46835
3.46935
3.47035
3.47135
3.47235
3.47335
3.47435
3.47536
3.47636
3.47736
3.47836
3.47936
3.48036
3.48136
3.48237
3.48337
3.48437
3.48537
3.48637
3.48737
3.48837
3.48937
3.49038
3.49138
3.49238
3.49338
3.49438
3.49538
3.49638
3.49739
3.49839
3.49939
3.50039
3.50139
3.50239
3.50339
3.5044
3.5054
3.5064
3.5074
3.5084
3.5094
3.5104
3.5114
3.51241
3.51341
3.51441
3.51541
3.51641
3.51741
3.51841
3.51942
3.52042
3.52142
3.52242
3.52342
3.52442
3.52542
3.52643
3.52743
3.52843
3.52943
3.53043
3.53143
3.53243
3.53343
3.53444
3.53544
3.53644
3.53744
3.53844
3.53944
3.54044
3.54145
3.54245
3.54345
3.54445
3.54545
3.54645
3.54745
3.54845
3.54946
3.55046
3.55146
3.55246
3.55346
3.55446
3.55546
3.55647
3.55747
3.55847
3.55947
3.56047
3.56147
3.56247
3.56348
3.56448
3.56548
3.56648
3.56748
3.56848
3.56948
3.57048
3.57149
3.57249
3.57349
3.57449
3.57549
3.57649
3.57749
3.5785
3.5795
3.5805
3.5815
3.5825
3.5835
3.5845
3.58551
3.58651
3.58751
3.58851
3.58951
3.59051
3.59151
3.59251
3.59352
3.59452
3.59552
3.59652
3.59752
3.59852
3.59952
3.60053
3.60153
3.60253
3.60353
3.60453
3.60553
3.60653
3.60754
3.60854
3.60954
3.61054
3.61154
3.61254
3.61354
3.61454
3.61555
3.61655
3.61755
3.61855
3.61955
3.62055
3.62155
3.62256
3.62356
3.62456
3.62556
3.62656
3.62756
3.62856
3.62957
3.63057
3.63157
3.63257
3.63357
3.63457
3.63557
3.63657
3.63758
3.63858
3.63958
3.64058
3.64158
3.64258
3.64358
3.64459
3.64559
3.64659
3.64759
3.64859
3.64959
3.65059
3.65159
3.6526
3.6536
3.6546
3.6556
3.6566
3.6576
3.6586
3.65961
3.66061
3.66161
3.66261
3.66361
3.66461
3.66561
3.66662
3.66762
3.66862
3.66962
3.67062
3.67162
3.67262
3.67362
3.67463
3.67563
3.67663
3.67763
3.67863
3.67963
3.68063
3.68164
3.68264
3.68364
3.68464
3.68564
3.68664
3.68764
3.68865
3.68965
3.69065
3.69165
3.69265
3.69365
3.69465
3.69565
3.69666
3.69766
3.69866
3.69966
3.70066
3.70166
3.70266
3.70367
3.70467
3.70567
3.70667
3.70767
3.70867
3.70967
3.71068
3.71168
3.71268
3.71368
3.71468
3.71568
3.71668
3.71768
3.71869
3.71969
3.72069
3.72169
3.72269
3.72369
3.72469
3.7257
3.7267
3.7277
3.7287
3.7297
3.7307
3.7317
3.7327
3.73371
3.73471
3.73571
3.73671
3.73771
3.73871
3.73971
3.74072
3.74172
3.74272
3.74372
3.74472
3.74572
3.74672
3.74773
3.74873
3.74973
3.75073
3.75173
3.75273
3.75373
3.75473
3.75574
3.75674
3.75774
3.75874
3.75974
3.76074
3.76174
3.76275
3.76375
3.76475
3.76575
3.76675
3.76775
3.76875
3.76976
3.77076
3.77176
3.77276
3.77376
3.77476
3.77576
3.77676
3.77777
3.77877
3.77977
3.78077
3.78177
3.78277
3.78377
3.78478
3.78578
3.78678
3.78778
3.78878
3.78978
3.79078
3.79179
3.79279
3.79379
3.79479
3.79579
3.79679
3.79779
3.79879
3.7998
3.8008
3.8018
3.8028
3.8038
3.8048
3.8058
3.80681
3.80781
3.80881
3.80981
3.81081
3.81181
3.81281
3.81381
3.81482
3.81582
3.81682
3.81782
3.81882
3.81982
3.82082
3.82183
3.82283
3.82383
3.82483
3.82583
3.82683
3.82783
3.82884
3.82984
3.83084
3.83184
3.83284
3.83384
3.83484
3.83584
3.83685
3.83785
3.83885
3.83985
3.84085
3.84185
3.84285
3.84386
3.84486
3.84586
3.84686
3.84786
3.84886
3.84986
3.85087
3.85187
3.85287
3.85387
3.85487
3.85587
3.85687
3.85787
3.85888
3.85988
3.86088
3.86188
3.86288
3.86388
3.86488
3.86589
3.86689
3.86789
3.86889
3.86989
3.87089
3.87189
3.8729
3.8739
3.8749
3.8759
3.8769
3.8779
3.8789
3.8799
3.88091
3.88191
3.88291
3.88391
3.88491
3.88591
3.88691
3.88792
3.88892
3.88992
3.89092
3.89192
3.89292
3.89392
3.89492
3.89593
3.89693
3.89793
3.89893
3.89993
3.90093
3.90193
3.90294
3.90394
3.90494
3.90594
3.90694
3.90794
3.90894
3.90995
3.91095
3.91195
3.91295
3.91395
3.91495
3.91595
3.91695
3.91796
3.91896
3.91996
3.92096
3.92196
3.92296
3.92396
3.92497
3.92597
3.92697
3.92797
3.92897
3.92997
3.93097
3.93198
3.93298
3.93398
3.93498
3.93598
3.93698
3.93798
3.93898
3.93999
3.94099
3.94199
3.94299
3.94399
3.94499
3.94599
3.947
3.948
3.949
3.95
3.951
3.952
3.953
3.95401
3.95501
3.95601
3.95701
3.95801
3.95901
3.96001
3.96101
3.96202
3.96302
3.96402
3.96502
3.96602
3.96702
3.96802
3.96903
3.97003
3.97103
3.97203
3.97303
3.97403
3.97503
3.97603
3.97704
3.97804
3.97904
3.98004
3.98104
3.98204
3.98304
3.98405
3.98505
3.98605
3.98705
3.98805
3.98905
3.99005
3.99106
3.99206
3.99306
3.99406
3.99506
3.99606
3.99706
3.99806
3.99907
4.00007
4.00107
4.00207
4.00307
4.00407
4.00507
4.00608
4.00708
4.00808
4.00908
4.01008
4.01108
4.01208
4.01308
4.01409
4.01509
4.01609
4.01709
4.01809
4.01909
4.02009
4.0211
4.0221
4.0231
4.0241
4.0251
4.0261
4.0271
4.02811
4.02911
4.03011
4.03111
4.03211
4.03311
4.03411
4.03511
4.03612
4.03712
4.03812
4.03912
4.04012
4.04112
4.04212
4.04313
4.04413
4.04513
4.04613
4.04713
4.04813
4.04913
4.05014
4.05114
4.05214
4.05314
4.05414
4.05514
4.05614
4.05714
4.05815
4.05915
4.06015
4.06115
4.06215
4.06315
4.06415
4.06516
4.06616
4.06716
4.06816
4.06916
4.07016
4.07116
4.07217
4.07317
4.07417
4.07517
4.07617
4.07717
4.07817
4.07917
4.08018
4.08118
4.08218
4.08318
4.08418
4.08518
4.08618
4.08719
4.08819
4.08919
4.09019
4.09119
4.09219
4.09319
4.09419
4.0952
4.0962
4.0972
4.0982
4.0992
4.1002
4.1012
4.10221
4.10321
4.10421
4.10521
4.10621
4.10721
4.10821
4.10922
4.11022
4.11122
4.11222
4.11322
4.11422
4.11522
4.11622
4.11723
4.11823
4.11923
4.12023
4.12123
4.12223
4.12323
4.12424
4.12524
4.12624
4.12724
4.12824
4.12924
4.13024
4.13125
4.13225
4.13325
4.13425
4.13525
4.13625
4.13725
4.13825
4.13926
4.14026
4.14126
4.14226
4.14326
4.14426
4.14526
4.14627
4.14727
4.14827
4.14927
4.15027
4.15127
4.15227
4.15328
4.15428
4.15528
4.15628
4.15728
4.15828
4.15928
4.16028
4.16129
4.16229
4.16329
4.16429
4.16529
4.16629
4.16729
4.1683
4.1693
4.1703
4.1713
4.1723
4.1733
4.1743
4.1753
4.17631
4.17731
4.17831
4.17931
4.18031
4.18131
4.18231
4.18332
4.18432
4.18532
4.18632
4.18732
4.18832
4.18932
4.19033
4.19133
4.19233
4.19333
4.19433
4.19533
4.19633
4.19733
4.19834
4.19934
4.20034
4.20134
4.20234
4.20334
4.20434
4.20535
4.20635
4.20735
4.20835
4.20935
4.21035
4.21135
4.21236
4.21336
4.21436
4.21536
4.21636
4.21736
4.21836
4.21936
4.22037
4.22137
4.22237
4.22337
4.22437
4.22537
4.22637
4.22738
4.22838
4.22938
4.23038
4.23138
4.23238
4.23338
4.23439
4.23539
4.23639
4.23739
4.23839
4.23939
4.24039
4.24139
4.2424
4.2434
4.2444
4.2454
4.2464
4.2474
4.2484
4.24941
4.25041
4.25141
4.25241
4.25341
4.25441
4.25541
4.25641
4.25742
4.25842
4.25942
4.26042
4.26142
4.26242
4.26342
4.26443
4.26543
4.26643
4.26743
4.26843
4.26943
4.27043
4.27144
4.27244
4.27344
4.27444
4.27544
4.27644
4.27744
4.27844
4.27945
4.28045
4.28145
4.28245
4.28345
4.28445
4.28545
4.28646
4.28746
4.28846
4.28946
4.29046
4.29146
4.29246
4.29347
4.29447
4.29547
4.29647
4.29747
4.29847
4.29947
4.30047
4.30148
4.30248
4.30348
4.30448
4.30548
4.30648
4.30748
4.30849
4.30949
4.31049
4.31149
4.31249
4.31349
4.31449
4.3155
4.3165
4.3175
4.3185
4.3195
4.3205
4.3215
4.3225
4.32351
4.32451
4.32551
4.32651
4.32751
4.32851
4.32951
4.33052
4.33152
4.33252
4.33352
4.33452
4.33552
4.33652
4.33752
4.33853
4.33953
4.34053
4.34153
4.34253
4.34353
4.34453
4.34554
4.34654
4.34754
4.34854
4.34954
4.35054
4.35154
4.35255
4.35355
4.35455
4.35555
4.35655
4.35755
4.35855
4.35955
4.36056
4.36156
4.36256
4.36356
4.36456
4.36556
4.36656
4.36757
4.36857
4.36957
4.37057
4.37157
4.37257
4.37357
4.37458
4.37558
4.37658
4.37758
4.37858
4.37958
4.38058
4.38158
4.38259
4.38359
4.38459
4.38559
4.38659
4.38759
4.38859
4.3896
4.3906
4.3916
4.3926
4.3936
4.3946
4.3956
4.39661
4.39761
4.39861
4.39961
4.40061
4.40161
4.40261
4.40361
4.40462
4.40562
4.40662
4.40762
4.40862
4.40962
4.41062
4.41163
4.41263
4.41363
4.41463
4.41563
4.41663
4.41763
4.41863
4.41964
4.42064
4.42164
4.42264
4.42364
4.42464
4.42564
4.42665
4.42765
4.42865
4.42965
4.43065
4.43165
4.43265
4.43366
4.43466
4.43566
4.43666
4.43766
4.43866
4.43966
4.44066
4.44167
4.44267
4.44367
4.44467
4.44567
4.44667
4.44767
4.44868
4.44968
4.45068
4.45168
4.45268
4.45368
4.45468
4.45569
4.45669
4.45769
4.45869
4.45969
4.46069
4.46169
4.46269
4.4637
4.4647
4.4657
4.4667
4.4677
4.4687
4.4697
4.47071
4.47171
4.47271
4.47371
4.47471
4.47571
4.47671
4.47772
4.47872
4.47972
4.48072
4.48172
4.48272
4.48372
4.48472
4.48573
4.48673
4.48773
4.48873
4.48973
4.49073
4.49173
4.49274
4.49374
4.49474
4.49574
4.49674
4.49774
4.49874
4.49974
4.50075
4.50175
4.50275
4.50375
4.50475
4.50575
4.50675
4.50776
4.50876
4.50976
4.51076
4.51176
4.51276
4.51376
4.51477
4.51577
4.51677
4.51777
4.51877
4.51977
4.52077
4.52177
4.52278
4.52378
4.52478
4.52578
4.52678
4.52778
4.52878
4.52979
4.53079
4.53179
4.53279
4.53379
4.53479
4.53579
4.5368
4.5378
4.5388
4.5398
4.5408
4.5418
4.5428
4.5438
4.54481
4.54581
4.54681
4.54781
4.54881
4.54981
4.55081
4.55182
4.55282
4.55382
4.55482
4.55582
4.55682
4.55782
4.55883
4.55983
4.56083
4.56183
4.56283
4.56383
4.56483
4.56583
4.56684
4.56784
4.56884
4.56984
4.57084
4.57184
4.57284
4.57385
4.57485
4.57585
4.57685
4.57785
4.57885
4.57985
4.58085
4.58186
4.58286
4.58386
4.58486
4.58586
4.58686
4.58786
4.58887
4.58987
4.59087
4.59187
4.59287
4.59387
4.59487
4.59588
4.59688
4.59788
4.59888
4.59988
4.60088
4.60188
4.60288
4.60389
4.60489
4.60589
4.60689
4.60789
4.60889
4.60989
4.6109
4.6119
4.6129
4.6139
4.6149
4.6159
4.6169
4.61791
4.61891
4.61991
4.62091
4.62191
4.62291
4.62391
4.62491
4.62592
4.62692
4.62792
4.62892
4.62992
4.63092
4.63192
4.63293
4.63393
4.63493
4.63593
4.63693
4.63793
4.63893
4.63994
4.64094
4.64194
4.64294
4.64394
4.64494
4.64594
4.64694
4.64795
4.64895
4.64995
4.65095
4.65195
4.65295
4.65395
4.65496
4.65596
4.65696
4.65796
4.65896
4.65996
4.66096
4.66196
4.66297
4.66397
4.66497
4.66597
4.66697
4.66797
4.66897
4.66998
4.67098
4.67198
4.67298
4.67398
4.67498
4.67598
4.67699
4.67799
4.67899
4.67999
4.68099
4.68199
4.68299
4.68399
4.685
4.686
4.687
4.688
4.689
4.69
4.691
4.69201
4.69301
4.69401
4.69501
4.69601
4.69701
4.69801
4.69902
4.70002
4.70102
4.70202
4.70302
4.70402
4.70502
4.70602
4.70703
4.70803
4.70903
4.71003
4.71103
4.71203
4.71303
4.71404
4.71504
4.71604
4.71704
4.71804
4.71904
4.72004
4.72105
4.72205
4.72305
4.72405
4.72505
4.72605
4.72705
4.72805
4.72906
4.73006
4.73106
4.73206
4.73306
4.73406
4.73506
4.73607
4.73707
4.73807
4.73907
4.74007
4.74107
4.74207
4.74307
4.74408
4.74508
4.74608
4.74708
4.74808
4.74908
4.75008
4.75109
4.75209
4.75309
4.75409
4.75509
4.75609
4.75709
4.7581
4.7591
4.7601
4.7611
4.7621
4.7631
4.7641
4.7651
4.76611
4.76711
4.76811
4.76911
4.77011
4.77111
4.77211
4.77312
4.77412
4.77512
4.77612
4.77712
4.77812
4.77912
4.78013
4.78113
4.78213
4.78313
4.78413
4.78513
4.78613
4.78713
4.78814
4.78914
4.79014
4.79114
4.79214
4.79314
4.79414
4.79515
4.79615
4.79715
4.79815
4.79915
4.80015
4.80115
4.80216
4.80316
4.80416
4.80516
4.80616
4.80716
4.80816
4.80916
4.81017
4.81117
4.81217
4.81317
4.81417
4.81517
4.81617
4.81718
4.81818
4.81918
4.82018
4.82118
4.82218
4.82318
4.82418
4.82519
4.82619
4.82719
4.82819
4.82919
4.83019
4.83119
4.8322
4.8332
4.8342
4.8352
4.8362
4.8372
4.8382
4.83921
4.84021
4.84121
4.84221
4.84321
4.84421
4.84521
4.84621
4.84722
4.84822
4.84922
4.85022
4.85122
4.85222
4.85322
4.85423
4.85523
4.85623
4.85723
4.85823
4.85923
4.86023
4.86124
4.86224
4.86324
4.86424
4.86524
4.86624
4.86724
4.86824
4.86925
4.87025
4.87125
4.87225
4.87325
4.87425
4.87525
4.87626
4.87726
4.87826
4.87926
4.88026
4.88126
4.88226
4.88327
4.88427
4.88527
4.88627
4.88727
4.88827
4.88927
4.89027
4.89128
4.89228
4.89328
4.89428
4.89528
4.89628
4.89728
4.89829
4.89929
4.90029
4.90129
4.90229
4.90329
4.90429
4.90529
4.9063
4.9073
4.9083
4.9093
4.9103
4.9113
4.9123
4.91331
4.91431
4.91531
4.91631
4.91731
4.91831
4.91931
4.92032
4.92132
4.92232
4.92332
4.92432
4.92532
4.92632
4.92732
4.92833
4.92933
4.93033
4.93133
4.93233
4.93333
4.93433
4.93534
4.93634
4.93734
4.93834
4.93934
4.94034
4.94134
4.94235
4.94335
4.94435
4.94535
4.94635
4.94735
4.94835
4.94935
4.95036
4.95136
4.95236
4.95336
4.95436
4.95536
4.95636
4.95737
4.95837
4.95937
4.96037
4.96137
4.96237
4.96337
4.96438
4.96538
4.96638
4.96738
4.96838
4.96938
4.97038
4.97138
4.97239
4.97339
4.97439
4.97539
4.97639
4.97739
4.97839
4.9794
4.9804
4.9814
4.9824
4.9834
4.9844
4.9854
4.9864
4.98741
4.98841
4.98941
4.99041
4.99141
4.99241
4.99341
4.99442
4.99542
4.99642
4.99742
4.99842
4.99942
5.00042
5.00143
5.00243
5.00343
5.00443
5.00543
5.00643
5.00743
5.00843
5.00944
5.01044
5.01144
5.01244
5.01344
5.01444
5.01544
5.01645
5.01745
5.01845
5.01945
5.02045
5.02145
5.02245
5.02346
5.02446
5.02546
5.02646
5.02746
5.02846
5.02946
5.03046
5.03147
5.03247
5.03347
5.03447
5.03547
5.03647
5.03747
5.03848
5.03948
5.04048
5.04148
5.04248
5.04348
5.04448
5.04549
5.04649
5.04749
5.04849
5.04949
5.05049
5.05149
5.05249
5.0535
5.0545
5.0555
5.0565
5.0575
5.0585
5.0595
5.06051
5.06151
5.06251
5.06351
5.06451
5.06551
5.06651
5.06751
5.06852
5.06952
5.07052
5.07152
5.07252
5.07352
5.07452
5.07553
5.07653
5.07753
5.07853
5.07953
5.08053
5.08153
5.08254
5.08354
5.08454
5.08554
5.08654
5.08754
5.08854
5.08954
5.09055
5.09155
5.09255
5.09355
5.09455
5.09555
5.09655
5.09756
5.09856
5.09956
5.10056
5.10156
5.10256
5.10356
5.10457
5.10557
5.10657
5.10757
5.10857
5.10957
5.11057
5.11157
5.11258
5.11358
5.11458
5.11558
5.11658
5.11758
5.11858
5.11959
5.12059
5.12159
5.12259
5.12359
5.12459
5.12559
5.1266
5.1276
5.1286
5.1296
5.1306
5.1316
5.1326
5.1336
5.13461
5.13561
5.13661
5.13761
5.13861
5.13961
5.14061
5.14162
5.14262
5.14362
5.14462
5.14562
5.14662
5.14762
5.14862
5.14963
5.15063
5.15163
5.15263
5.15363
5.15463
5.15563
5.15664
5.15764
5.15864
5.15964
5.16064
5.16164
5.16264
5.16365
5.16465
5.16565
5.16665
5.16765
5.16865
5.16965
5.17065
5.17166
5.17266
5.17366
5.17466
5.17566
5.17666
5.17766
5.17867
5.17967
5.18067
5.18167
5.18267
5.18367
5.18467
5.18568
5.18668
5.18768
5.18868
5.18968
5.19068
5.19168
5.19268
5.19369
5.19469
5.19569
5.19669
5.19769
5.19869
5.19969
5.2007
5.2017
5.2027
5.2037
5.2047
5.2057
5.2067
5.20771
5.20871
5.20971
5.21071
5.21171
5.21271
5.21371
5.21471
5.21572
5.21672
5.21772
5.21872
5.21972
5.22072
5.22172
5.22273
5.22373
5.22473
5.22573
5.22673
5.22773
5.22873
5.22973
5.23074
5.23174
5.23274
5.23374
5.23474
5.23574
5.23674
5.23775
5.23875
5.23975
5.24075
5.24175
5.24275
5.24375
5.24476
5.24576
5.24676
5.24776
5.24876
5.24976
5.25076
5.25176
5.25277
5.25377
5.25477
5.25577
5.25677
5.25777
5.25877
5.25978
5.26078
5.26178
5.26278
5.26378
5.26478
5.26578
5.26679
5.26779
5.26879
5.26979
5.27079
5.27179
5.27279
5.27379
5.2748
5.2758
5.2768
5.2778
5.2788
5.2798
5.2808
5.28181
5.28281
5.28381
5.28481
5.28581
5.28681
5.28781
5.28882
5.28982
5.29082
5.29182
5.29282
5.29382
5.29482
5.29582
5.29683
5.29783
5.29883
5.29983
5.30083
5.30183
5.30283
5.30384
5.30484
5.30584
5.30684
5.30784
5.30884
5.30984
5.31084
5.31185
5.31285
5.31385
5.31485
5.31585
5.31685
5.31785
5.31886
5.31986
5.32086
5.32186
5.32286
5.32386
5.32486
5.32587
5.32687
5.32787
5.32887
5.32987
5.33087
5.33187
5.33287
5.33388
5.33488
5.33588
5.33688
5.33788
5.33888
5.33988
5.34089
5.34189
5.34289
5.34389
5.34489
5.34589
5.34689
5.3479
5.3489
5.3499
5.3509
5.3519
5.3529
5.3539
5.3549
5.35591
5.35691
5.35791
5.35891
5.35991
5.36091
5.36191
5.36292
5.36392
5.36492
5.36592
5.36692
5.36792
5.36892
5.36993
5.37093
5.37193
5.37293
5.37393
5.37493
5.37593
5.37693
5.37794
5.37894
5.37994
5.38094
5.38194
5.38294
5.38394
5.38495
5.38595
5.38695
5.38795
5.38895
5.38995
5.39095
5.39195
5.39296
5.39396
5.39496
5.39596
5.39696
5.39796
5.39896
5.39997
5.40097
5.40197
5.40297
5.40397
5.40497
5.40597
5.40698
5.40798
5.40898
5.40998
5.41098
5.41198
5.41298
5.41398
5.41499
5.41599
5.41699
5.41799
5.41899
5.41999
5.42099
5.422
5.423
5.424
5.425
5.426
5.427
5.428
5.42901
5.43001
5.43101
5.43201
5.43301
5.43401
5.43501
5.43601
5.43702
5.43802
5.43902
5.44002
5.44102
5.44202
5.44302
5.44403
5.44503
5.44603
5.44703
5.44803
5.44903
5.45003
5.45104
5.45204
5.45304
5.45404
5.45504
5.45604
5.45704
5.45804
5.45905
5.46005
5.46105
5.46205
5.46305
5.46405
5.46505
5.46606
5.46706
5.46806
5.46906
5.47006
5.47106
5.47206
5.47306
5.47407
5.47507
5.47607
5.47707
5.47807
5.47907
5.48007
5.48108
5.48208
5.48308
5.48408
5.48508
5.48608
5.48708
5.48809
5.48909
5.49009
5.49109
5.49209
5.49309
5.49409
5.49509
5.4961
5.4971
5.4981
5.4991
5.5001
5.5011
5.5021
5.50311
5.50411
5.50511
5.50611
5.50711
5.50811
5.50911
5.51012
5.51112
5.51212
5.51312
5.51412
5.51512
5.51612
5.51712
5.51813
5.51913
5.52013
5.52113
5.52213
5.52313
5.52413
5.52514
5.52614
5.52714
5.52814
5.52914
5.53014
5.53114
5.53215
5.53315
5.53415
5.53515
5.53615
5.53715
5.53815
5.53915
5.54016
5.54116
5.54216
5.54316
5.54416
5.54516
5.54616
5.54717
5.54817
5.54917
5.55017
5.55117
5.55217
5.55317
5.55417
5.55518
5.55618
5.55718
5.55818
5.55918
5.56018
5.56118
5.56219
5.56319
5.56419
5.56519
5.56619
5.56719
5.56819
5.5692
5.5702
5.5712
5.5722
5.5732
5.5742
5.5752
5.5762
5.57721
5.57821
5.57921
5.58021
5.58121
5.58221
5.58321
5.58422
5.58522
5.58622
5.58722
5.58822
5.58922
5.59022
5.59123
5.59223
5.59323
5.59423
5.59523
5.59623
5.59723
5.59823
5.59924
5.60024
5.60124
5.60224
5.60324
5.60424
5.60524
5.60625
5.60725
5.60825
5.60925
5.61025
5.61125
5.61225
5.61326
5.61426
5.61526
5.61626
5.61726
5.61826
5.61926
5.62026
5.62127
5.62227
5.62327
5.62427
5.62527
5.62627
5.62727
5.62828
5.62928
5.63028
5.63128
5.63228
5.63328
5.63428
5.63528
5.63629
5.63729
5.63829
5.63929
5.64029
5.64129
5.64229
5.6433
5.6443
5.6453
5.6463
5.6473
5.6483
5.6493
5.65031
5.65131
5.65231
5.65331
5.65431
5.65531
5.65631
5.65731
5.65832
5.65932
5.66032
5.66132
5.66232
5.66332
5.66432
5.66533
5.66633
5.66733
5.66833
5.66933
5.67033
5.67133
5.67234
5.67334
5.67434
5.67534
5.67634
5.67734
5.67834
5.67934
5.68035
5.68135
5.68235
5.68335
5.68435
5.68535
5.68635
5.68736
5.68836
5.68936
5.69036
5.69136
5.69236
5.69336
5.69437
5.69537
5.69637
5.69737
5.69837
5.69937
5.70037
5.70137
5.70238
5.70338
5.70438
5.70538
5.70638
5.70738
5.70838
5.70939
5.71039
5.71139
5.71239
5.71339
5.71439
5.71539
5.71639
5.7174
5.7184
5.7194
5.7204
5.7214
5.7224
5.7234
5.72441
5.72541
5.72641
5.72741
5.72841
5.72941
5.73041
5.73142
5.73242
5.73342
5.73442
5.73542
5.73642
5.73742
5.73842
5.73943
5.74043
5.74143
5.74243
5.74343
5.74443
5.74543
5.74644
5.74744
5.74844
5.74944
5.75044
5.75144
5.75244
5.75345
5.75445
5.75545
5.75645
5.75745
5.75845
5.75945
5.76045
5.76146
5.76246
5.76346
5.76446
5.76546
5.76646
5.76746
5.76847
5.76947
5.77047
5.77147
5.77247
5.77347
5.77447
5.77548
5.77648
5.77748
5.77848
5.77948
5.78048
5.78148
5.78248
5.78349
5.78449
5.78549
5.78649
5.78749
5.78849
5.78949
5.7905
5.7915
5.7925
5.7935
5.7945
5.7955
5.7965
5.7975
5.79851
5.79951
5.80051
5.80151
5.80251
5.80351
5.80451
5.80552
5.80652
5.80752
5.80852
5.80952
5.81052
5.81152
5.81253
5.81353
5.81453
5.81553
5.81653
5.81753
5.81853
5.81953
5.82054
5.82154
5.82254
5.82354
5.82454
5.82554
5.82654
5.82755
5.82855
5.82955
5.83055
5.83155
5.83255
5.83355
5.83456
5.83556
5.83656
5.83756
5.83856
5.83956
5.84056
5.84156
5.84257
5.84357
5.84457
5.84557
5.84657
5.84757
5.84857
5.84958
5.85058
5.85158
5.85258
5.85358
5.85458
5.85558
5.85659
5.85759
5.85859
5.85959
5.86059
5.86159
5.86259
5.86359
5.8646
5.8656
5.8666
5.8676
5.8686
5.8696
5.8706
5.87161
5.87261
5.87361
5.87461
5.87561
5.87661
5.87761
5.87861
5.87962
5.88062
5.88162
5.88262
5.88362
5.88462
5.88562
5.88663
5.88763
5.88863
5.88963
5.89063
5.89163
5.89263
5.89364
5.89464
5.89564
5.89664
5.89764
5.89864
5.89964
5.90064
5.90165
5.90265
5.90365
5.90465
5.90565
5.90665
5.90765
5.90866
5.90966
5.91066
5.91166
5.91266
5.91366
5.91466
5.91567
5.91667
5.91767
5.91867
5.91967
5.92067
5.92167
5.92267
5.92368
5.92468
5.92568
5.92668
5.92768
5.92868
5.92968
5.93069
5.93169
5.93269
5.93369
5.93469
5.93569
5.93669
5.9377
5.9387
5.9397
5.9407
5.9417
5.9427
5.9437
5.9447
5.94571
5.94671
5.94771
5.94871
5.94971
5.95071
5.95171
5.95272
5.95372
5.95472
5.95572
5.95672
5.95772
5.95872
5.95972
5.96073
5.96173
5.96273
5.96373
5.96473
5.96573
5.96673
5.96774
5.96874
5.96974
5.97074
5.97174
5.97274
5.97374
5.97475
5.97575
5.97675
5.97775
5.97875
5.97975
5.98075
5.98175
5.98276
5.98376
5.98476
5.98576
5.98676
5.98776
5.98876
5.98977
5.99077
5.99177
5.99277
5.99377
5.99477
5.99577
5.99678
5.99778
5.99878
5.99978
6.00078
6.00178
6.00278
6.00378
6.00479
6.00579
6.00679
6.00779
6.00879
6.00979
6.01079
6.0118
6.0128
6.0138
6.0148
6.0158
6.0168
6.0178
6.01881
6.01981
6.02081
6.02181
6.02281
6.02381
6.02481
6.02581
6.02682
6.02782
6.02882
6.02982
6.03082
6.03182
6.03282
6.03383
6.03483
6.03583
6.03683
6.03783
6.03883
6.03983
6.04083
6.04184
6.04284
6.04384
6.04484
6.04584
6.04684
6.04784
6.04885
6.04985
6.05085
6.05185
6.05285
6.05385
6.05485
6.05586
6.05686
6.05786
6.05886
6.05986
6.06086
6.06186
6.06286
6.06387
6.06487
6.06587
6.06687
6.06787
6.06887
6.06987
6.07088
6.07188
6.07288
6.07388
6.07488
6.07588
6.07688
6.07789
6.07889
6.07989
6.08089
6.08189
6.08289
6.08389
6.08489
6.0859
6.0869
6.0879
6.0889
6.0899
6.0909
6.0919
6.09291
6.09391
6.09491
6.09591
6.09691
6.09791
6.09891
6.09992
6.10092
6.10192
6.10292
6.10392
6.10492
6.10592
6.10692
6.10793
6.10893
6.10993
6.11093
6.11193
6.11293
6.11393
6.11494
6.11594
6.11694
6.11794
6.11894
6.11994
6.12094
6.12194
6.12295
6.12395
6.12495
6.12595
6.12695
6.12795
6.12895
6.12996
6.13096
6.13196
6.13296
6.13396
6.13496
6.13596
6.13697
6.13797
6.13897
6.13997
6.14097
6.14197
6.14297
6.14397
6.14498
6.14598
6.14698
6.14798
6.14898
6.14998
6.15098
6.15199
6.15299
6.15399
6.15499
6.15599
6.15699
6.15799
6.159
6.16
6.161
6.162
6.163
6.164
6.165
6.166
6.16701
6.16801
6.16901
6.17001
6.17101
6.17201
6.17301
6.17402
6.17502
6.17602
6.17702
6.17802
6.17902
6.18002
6.18103
6.18203
6.18303
6.18403
6.18503
6.18603
6.18703
6.18803
6.18904
6.19004
6.19104
6.19204
6.19304
6.19404
6.19504
6.19605
6.19705
6.19805
6.19905
6.20005
6.20105
6.20205
6.20305
6.20406
6.20506
6.20606
6.20706
6.20806
6.20906
6.21006
6.21107
6.21207
6.21307
6.21407
6.21507
6.21607
6.21707
6.21808
6.21908
6.22008
6.22108
6.22208
6.22308
6.22408
6.22508
6.22609
6.22709
6.22809
6.22909
6.23009
6.23109
6.23209
6.2331
6.2341
6.2351
6.2361
6.2371
6.2381
6.2391
6.24011
6.24111
6.24211
6.24311
6.24411
6.24511
6.24611
6.24711
6.24812
6.24912
6.25012
6.25112
6.25212
6.25312
6.25412
6.25513
6.25613
6.25713
6.25813
6.25913
6.26013
6.26113
6.26214
6.26314
6.26414
6.26514
6.26614
6.26714
6.26814
6.26914
6.27015
6.27115
6.27215
6.27315
6.27415
6.27515
6.27615
6.27716
6.27816
6.27916
6.28016
6.28116
6.28216
6.28316
6.28416
6.28517
6.28617
6.28717
6.28817
6.28917
6.29017
6.29117
6.29218
6.29318
6.29418
6.29518
6.29618
6.29718
6.29818
6.29919
6.30019
6.30119
6.30219
6.30319
6.30419
6.30519
6.30619
6.3072
6.3082
6.3092
6.3102
6.3112
6.3122
6.3132
6.31421
6.31521
6.31621
6.31721
6.31821
6.31921
6.32021
6.32122
6.32222
6.32322
6.32422
6.32522
6.32622
6.32722
6.32822
6.32923
6.33023
6.33123
6.33223
6.33323
6.33423
6.33523
6.33624
6.33724
6.33824
6.33924
6.34024
6.34124
6.34224
6.34325
6.34425
6.34525
6.34625
6.34725
6.34825
6.34925
6.35025
6.35126
6.35226
6.35326
6.35426
6.35526
6.35626
6.35726
6.35827
6.35927
6.36027
6.36127
6.36227
6.36327
6.36427
6.36527
6.36628
6.36728
6.36828
6.36928
6.37028
6.37128
6.37228
6.37329
6.37429
6.37529
6.37629
6.37729
6.37829
6.37929
6.3803
6.3813
6.3823
6.3833
6.3843
6.3853
6.3863
6.3873
6.38831
6.38931
6.39031
6.39131
6.39231
6.39331
6.39431
6.39532
6.39632
6.39732
6.39832
6.39932
6.40032
6.40132
6.40233
6.40333
6.40433
6.40533
6.40633
6.40733
6.40833
6.40933
6.41034
6.41134
6.41234
6.41334
6.41434
6.41534
6.41634
6.41735
6.41835
6.41935
6.42035
6.42135
6.42235
6.42335
6.42436
6.42536
6.42636
6.42736
6.42836
6.42936
6.43036
6.43136
6.43237
6.43337
6.43437
6.43537
6.43637
6.43737
6.43837
6.43938
6.44038
6.44138
6.44238
6.44338
6.44438
6.44538
6.44638
6.44739
6.44839
6.44939
6.45039
6.45139
6.45239
6.45339
6.4544
6.4554
6.4564
6.4574
6.4584
6.4594
6.4604
6.46141
6.46241
6.46341
6.46441
6.46541
6.46641
6.46741
6.46841
6.46942
6.47042
6.47142
6.47242
6.47342
6.47442
6.47542
6.47643
6.47743
6.47843
6.47943
6.48043
6.48143
6.48243
6.48344
6.48444
6.48544
6.48644
6.48744
6.48844
6.48944
6.49044
6.49145
6.49245
6.49345
6.49445
6.49545
6.49645
6.49745
6.49846
6.49946
6.50046
6.50146
6.50246
6.50346
6.50446
6.50547
6.50647
6.50747
6.50847
6.50947
6.51047
6.51147
6.51247
6.51348
6.51448
6.51548
6.51648
6.51748
6.51848
6.51948
6.52049
6.52149
6.52249
6.52349
6.52449
6.52549
6.52649
6.52749
6.5285
6.5295
6.5305
6.5315
6.5325
6.5335
6.5345
6.53551
6.53651
6.53751
6.53851
6.53951
6.54051
6.54151
6.54252
6.54352
6.54452
6.54552
6.54652
6.54752
6.54852
6.54952
6.55053
6.55153
6.55253
6.55353
6.55453
6.55553
6.55653
6.55754
6.55854
6.55954
6.56054
6.56154
6.56254
6.56354
6.56455
6.56555
6.56655
6.56755
6.56855
6.56955
6.57055
6.57155
6.57256
6.57356
6.57456
6.57556
6.57656
6.57756
6.57856
6.57957
6.58057
6.58157
6.58257
6.58357
6.58457
6.58557
6.58658
6.58758
6.58858
6.58958
6.59058
6.59158
6.59258
6.59358
6.59459
6.59559
6.59659
6.59759
6.59859
6.59959
6.60059
6.6016
6.6026
6.6036
6.6046
6.6056
6.6066
6.6076
6.6086
6.60961
6.61061
6.61161
6.61261
6.61361
6.61461
6.61561
6.61662
6.61762
6.61862
6.61962
6.62062
6.62162
6.62262
6.62363
6.62463
6.62563
6.62663
6.62763
6.62863
6.62963
6.63063
6.63164
6.63264
6.63364
6.63464
6.63564
6.63664
6.63764
6.63865
6.63965
6.64065
6.64165
6.64265
6.64365
6.64465
6.64566
6.64666
6.64766
6.64866
6.64966
6.65066
6.65166
6.65266
6.65367
6.65467
6.65567
6.65667
6.65767
6.65867
6.65967
6.66068
6.66168
6.66268
6.66368
6.66468
6.66568
6.66668
6.66769
6.66869
6.66969
6.67069
6.67169
6.67269
6.67369
6.67469
6.6757
6.6767
6.6777
6.6787
6.6797
6.6807
6.6817
6.68271
6.68371
6.68471
6.68571
6.68671
6.68771
6.68871
6.68971
6.69072
6.69172
6.69272
6.69372
6.69472
6.69572
6.69672
6.69773
6.69873
6.69973
6.70073
6.70173
6.70273
6.70373
6.70474
6.70574
6.70674
6.70774
6.70874
6.70974
6.71074
6.71174
6.71275
6.71375
6.71475
6.71575
6.71675
6.71775
6.71875
6.71976
6.72076
6.72176
6.72276
6.72376
6.72476
6.72576
6.72677
6.72777
6.72877
6.72977
6.73077
6.73177
6.73277
6.73377
6.73478
6.73578
6.73678
6.73778
6.73878
6.73978
6.74078
6.74179
6.74279
6.74379
6.74479
6.74579
6.74679
6.74779
6.7488
6.7498
6.7508
6.7518
6.7528
6.7538
6.7548
6.7558
6.75681
6.75781
6.75881
6.75981
6.76081
6.76181
6.76281
6.76382
6.76482
6.76582
6.76682
6.76782
6.76882
6.76982
6.77082
6.77183
6.77283
6.77383
6.77483
6.77583
6.77683
6.77783
6.77884
6.77984
6.78084
6.78184
6.78284
6.78384
6.78484
6.78585
6.78685
6.78785
6.78885
6.78985
6.79085
6.79185
6.79285
6.79386
6.79486
6.79586
6.79686
6.79786
6.79886
6.79986
6.80087
6.80187
6.80287
6.80387
6.80487
6.80587
6.80687
6.80788
6.80888
6.80988
6.81088
6.81188
6.81288
6.81388
6.81488
6.81589
6.81689
6.81789
6.81889
6.81989
6.82089
6.82189
6.8229
6.8239
6.8249
6.8259
6.8269
6.8279
6.8289
6.82991
6.83091
6.83191
6.83291
6.83391
6.83491
6.83591
6.83691
6.83792
6.83892
6.83992
6.84092
6.84192
6.84292
6.84392
6.84493
6.84593
6.84693
6.84793
6.84893
6.84993
6.85093
6.85193
6.85294
6.85394
6.85494
6.85594
6.85694
6.85794
6.85894
6.85995
6.86095
6.86195
6.86295
6.86395
6.86495
6.86595
6.86696
6.86796
6.86896
6.86996
6.87096
6.87196
6.87296
6.87396
6.87497
6.87597
6.87697
6.87797
6.87897
6.87997
6.88097
6.88198
6.88298
6.88398
6.88498
6.88598
6.88698
6.88798
6.88899
6.88999
6.89099
6.89199
6.89299
6.89399
6.89499
6.89599
6.897
6.898
6.899
6.9
6.901
6.902
6.903
6.90401
6.90501
6.90601
6.90701
6.90801
6.90901
6.91001
6.91102
6.91202
6.91302
6.91402
6.91502
6.91602
6.91702
6.91802
6.91903
6.92003
6.92103
6.92203
6.92303
6.92403
6.92503
6.92604
6.92704
6.92804
6.92904
6.93004
6.93104
6.93204
6.93304
6.93405
6.93505
6.93605
6.93705
6.93805
6.93905
6.94005
6.94106
6.94206
6.94306
6.94406
6.94506
6.94606
6.94706
6.94807
6.94907
6.95007
6.95107
6.95207
6.95307
6.95407
6.95507
6.95608
6.95708
6.95808
6.95908
6.96008
6.96108
6.96208
6.96309
6.96409
6.96509
6.96609
6.96709
6.96809
6.96909
6.9701
6.9711
6.9721
6.9731
6.9741
6.9751
6.9761
6.9771
6.97811
6.97911
6.98011
6.98111
6.98211
6.98311
6.98411
6.98512
6.98612
6.98712
6.98812
6.98912
6.99012
6.99112
6.99213
6.99313
6.99413
6.99513
6.99613
6.99713
6.99813
6.99913
7.00014
7.00114
7.00214
7.00314
7.00414
7.00514
7.00614
7.00715
7.00815
7.00915
7.01015
7.01115
7.01215
7.01315
7.01415
7.01516
7.01616
7.01716
7.01816
7.01916
7.02016
7.02116
7.02217
7.02317
7.02417
7.02517
7.02617
7.02717
7.02817
7.02918
7.03018
7.03118
7.03218
7.03318
7.03418
7.03518
7.03618
7.03719
7.03819
7.03919
7.04019
7.04119
7.04219
7.04319
7.0442
7.0452
7.0462
7.0472
7.0482
7.0492
7.0502
7.05121
7.05221
7.05321
7.05421
7.05521
7.05621
7.05721
7.05821
7.05922
7.06022
7.06122
7.06222
7.06322
7.06422
7.06522
7.06623
7.06723
7.06823
7.06923
7.07023
7.07123
7.07223
7.07324
7.07424
7.07524
7.07624
7.07724
7.07824
7.07924
7.08024
7.08125
7.08225
7.08325
7.08425
7.08525
7.08625
7.08725
7.08826
7.08926
7.09026
7.09126
7.09226
7.09326
7.09426
7.09526
7.09627
7.09727
7.09827
7.09927
7.10027
7.10127
7.10227
7.10328
7.10428
7.10528
7.10628
7.10728
7.10828
7.10928
7.11029
7.11129
7.11229
7.11329
7.11429
7.11529
7.11629
7.11729
7.1183
7.1193
7.1203
7.1213
7.1223
7.1233
7.1243
7.12531
7.12631
7.12731
7.12831
7.12931
7.13031
7.13131
7.13232
7.13332
7.13432
7.13532
7.13632
7.13732
7.13832
7.13932
7.14033
7.14133
7.14233
7.14333
7.14433
7.14533
7.14633
7.14734
7.14834
7.14934
7.15034
7.15134
7.15234
7.15334
7.15435
7.15535
7.15635
7.15735
7.15835
7.15935
7.16035
7.16135
7.16236
7.16336
7.16436
7.16536
7.16636
7.16736
7.16836
7.16937
7.17037
7.17137
7.17237
7.17337
7.17437
7.17537
7.17637
7.17738
7.17838
7.17938
7.18038
7.18138
7.18238
7.18338
7.18439
7.18539
7.18639
7.18739
7.18839
7.18939
7.19039
7.1914
7.1924
7.1934
7.1944
7.1954
7.1964
7.1974
7.1984
7.19941
7.20041
7.20141
7.20241
7.20341
7.20441
7.20541
7.20642
7.20742
7.20842
7.20942
7.21042
7.21142
7.21242
7.21343
7.21443
7.21543
7.21643
7.21743
7.21843
7.21943
7.22043
7.22144
7.22244
7.22344
7.22444
7.22544
7.22644
7.22744
7.22845
7.22945
7.23045
7.23145
7.23245
7.23345
7.23445
7.23546
7.23646
7.23746
7.23846
7.23946
7.24046
7.24146
7.24246
7.24347
7.24447
7.24547
7.24647
7.24747
7.24847
7.24947
7.25048
7.25148
7.25248
7.25348
7.25448
7.25548
7.25648
7.25748
7.25849
7.25949
7.26049
7.26149
7.26249
7.26349
7.26449
7.2655
7.2665
7.2675
7.2685
7.2695
7.2705
7.2715
7.27251
7.27351
7.27451
7.27551
7.27651
7.27751
7.27851
7.27951
7.28052
7.28152
7.28252
7.28352
7.28452
7.28552
7.28652
7.28753
7.28853
7.28953
7.29053
7.29153
7.29253
7.29353
7.29454
7.29554
7.29654
7.29754
7.29854
7.29954
7.30054
7.30154
7.30255
7.30355
7.30455
7.30555
7.30655
7.30755
7.30855
7.30956
7.31056
7.31156
7.31256
7.31356
7.31456
7.31556
7.31657
7.31757
7.31857
7.31957
7.32057
7.32157
7.32257
7.32357
7.32458
7.32558
7.32658
7.32758
7.32858
7.32958
7.33058
7.33159
7.33259
7.33359
7.33459
7.33559
7.33659
7.33759
7.33859
7.3396
7.3406
7.3416
7.3426
7.3436
7.3446
7.3456
7.34661
7.34761
7.34861
7.34961
7.35061
7.35161
7.35261
7.35362
7.35462
7.35562
7.35662
7.35762
7.35862
7.35962
7.36062
7.36163
7.36263
7.36363
7.36463
7.36563
7.36663
7.36763
7.36864
7.36964
7.37064
7.37164
7.37264
7.37364
7.37464
7.37565
7.37665
7.37765
7.37865
7.37965
7.38065
7.38165
7.38265
7.38366
7.38466
7.38566
7.38666
7.38766
7.38866
7.38966
7.39067
7.39167
7.39267
7.39367
7.39467
7.39567
7.39667
7.39768
7.39868
7.39968
7.40068
7.40168
7.40268
7.40368
7.40468
7.40569
7.40669
7.40769
7.40869
7.40969
7.41069
7.41169
7.4127
7.4137
7.4147
7.4157
7.4167
7.4177
7.4187
7.4197
7.42071
7.42171
7.42271
7.42371
7.42471
7.42571
7.42671
7.42772
7.42872
7.42972
7.43072
7.43172
7.43272
7.43372
7.43473
7.43573
7.43673
7.43773
7.43873
7.43973
7.44073
7.44173
7.44274
7.44374
7.44474
7.44574
7.44674
7.44774
7.44874
7.44975
7.45075
7.45175
7.45275
7.45375
7.45475
7.45575
7.45676
7.45776
7.45876
7.45976
7.46076
7.46176
7.46276
7.46376
7.46477
7.46577
7.46677
7.46777
7.46877
7.46977
7.47077
7.47178
7.47278
7.47378
7.47478
7.47578
7.47678
7.47778
7.47879
7.47979
7.48079
7.48179
7.48279
7.48379
7.48479
7.48579
7.4868
7.4878
7.4888
7.4898
7.4908
7.4918
7.4928
7.49381
7.49481
7.49581
7.49681
7.49781
7.49881
7.49981
7.50081
7.50182
7.50282
7.50382
7.50482
7.50582
7.50682
7.50782
7.50883
7.50983
7.51083
7.51183
7.51283
7.51383
7.51483
7.51584
7.51684
7.51784
7.51884
7.51984
7.52084
7.52184
7.52284
7.52385
7.52485
7.52585
7.52685
7.52785
7.52885
7.52985
7.53086
7.53186
7.53286
7.53386
7.53486
7.53586
7.53686
7.53787
7.53887
7.53987
7.54087
7.54187
7.54287
7.54387
7.54487
7.54588
7.54688
7.54788
7.54888
7.54988
7.55088
7.55188
7.55289
7.55389
7.55489
7.55589
7.55689
7.55789
7.55889
7.5599
7.5609
7.5619
7.5629
7.5639
7.5649
7.5659
7.5669
7.56791
7.56891
7.56991
7.57091
7.57191
7.57291
7.57391
7.57492
7.57592
7.57692
7.57792
7.57892
7.57992
7.58092
7.58192
7.58293
7.58393
7.58493
7.58593
7.58693
7.58793
7.58893
7.58994
7.59094
7.59194
7.59294
7.59394
7.59494
7.59594
7.59695
7.59795
7.59895
7.59995
7.60095
7.60195
7.60295
7.60395
7.60496
7.60596
7.60696
7.60796
7.60896
7.60996
7.61096
7.61197
7.61297
7.61397
7.61497
7.61597
7.61697
7.61797
7.61898
7.61998
7.62098
7.62198
7.62298
7.62398
7.62498
7.62598
7.62699
7.62799
7.62899
7.62999
7.63099
7.63199
7.63299
7.634
7.635
7.636
7.637
7.638
7.639
7.64
7.64101
7.64201
7.64301
7.64401
7.64501
7.64601
7.64701
7.64801
7.64902
7.65002
7.65102
7.65202
7.65302
7.65402
7.65502
7.65603
7.65703
7.65803
7.65903
7.66003
7.66103
7.66203
7.66303
7.66404
7.66504
7.66604
7.66704
7.66804
7.66904
7.67004
7.67105
7.67205
7.67305
7.67405
7.67505
7.67605
7.67705
7.67806
7.67906
7.68006
7.68106
7.68206
7.68306
7.68406
7.68506
7.68607
7.68707
7.68807
7.68907
7.69007
7.69107
7.69207
7.69308
7.69408
7.69508
7.69608
7.69708
7.69808
7.69908
7.70009
7.70109
7.70209
7.70309
7.70409
7.70509
7.70609
7.70709
7.7081
7.7091
7.7101
7.7111
7.7121
7.7131
7.7141
7.71511
7.71611
7.71711
7.71811
7.71911
7.72011
7.72111
7.72212
7.72312
7.72412
7.72512
7.72612
7.72712
7.72812
7.72912
7.73013
7.73113
7.73213
7.73313
7.73413
7.73513
7.73613
7.73714
7.73814
7.73914
7.74014
7.74114
7.74214
7.74314
7.74414
7.74515
7.74615
7.74715
7.74815
7.74915
7.75015
7.75115
7.75216
7.75316
7.75416
7.75516
7.75616
7.75716
7.75816
7.75917
7.76017
7.76117
7.76217
7.76317
7.76417
7.76517
7.76617
7.76718
7.76818
7.76918
7.77018
7.77118
7.77218
7.77318
7.77419
7.77519
7.77619
7.77719
7.77819
7.77919
7.78019
7.7812
7.7822
7.7832
7.7842
7.7852
7.7862
7.7872
7.7882
7.78921
7.79021
7.79121
7.79221
7.79321
7.79421
7.79521
7.79622
7.79722
7.79822
7.79922
7.80022
7.80122
7.80222
7.80323
7.80423
7.80523
7.80623
7.80723
7.80823
7.80923
7.81023
7.81124
7.81224
7.81324
7.81424
7.81524
7.81624
7.81724
7.81825
7.81925
7.82025
7.82125
7.82225
7.82325
7.82425
7.82525
7.82626
7.82726
7.82826
7.82926
7.83026
7.83126
7.83226
7.83327
7.83427
7.83527
7.83627
7.83727
7.83827
7.83927
7.84028
7.84128
7.84228
7.84328
7.84428
7.84528
7.84628
7.84728
7.84829
7.84929
7.85029
7.85129
7.85229
7.85329
7.85429
7.8553
7.8563
7.8573
7.8583
7.8593
7.8603
7.8613
7.86231
7.86331
7.86431
7.86531
7.86631
7.86731
7.86831
7.86931
7.87032
7.87132
7.87232
7.87332
7.87432
7.87532
7.87632
7.87733
7.87833
7.87933
7.88033
7.88133
7.88233
7.88333
7.88434
7.88534
7.88634
7.88734
7.88834
7.88934
7.89034
7.89134
7.89235
7.89335
7.89435
7.89535
7.89635
7.89735
7.89835
7.89936
7.90036
7.90136
7.90236
7.90336
7.90436
7.90536
7.90636
7.90737
7.90837
7.90937
7.91037
7.91137
7.91237
7.91337
7.91438
7.91538
7.91638
7.91738
7.91838
7.91938
7.92038
7.92139
7.92239
7.92339
7.92439
7.92539
7.92639
7.92739
7.92839
7.9294
7.9304
7.9314
7.9324
7.9334
7.9344
7.9354
7.93641
7.93741
7.93841
7.93941
7.94041
7.94141
7.94241
7.94342
7.94442
7.94542
7.94642
7.94742
7.94842
7.94942
7.95042
7.95143
7.95243
7.95343
7.95443
7.95543
7.95643
7.95743
7.95844
7.95944
7.96044
7.96144
7.96244
7.96344
7.96444
7.96545
7.96645
7.96745
7.96845
7.96945
7.97045
7.97145
7.97245
7.97346
7.97446
7.97546
7.97646
7.97746
7.97846
7.97946
7.98047
7.98147
7.98247
7.98347
7.98447
7.98547
7.98647
7.98747
7.98848
7.98948
7.99048
7.99148
7.99248
7.99348
7.99448
7.99549
7.99649
7.99749
7.99849
7.99949
8.00047
8.00142
8.00238
8.00333
8.00428
8.00524
8.00619
8.00714
8.0081
8.00905
8.01001
8.01096
8.01191
8.01287
8.01382
8.01477
8.01573
8.01668
8.01764
8.01859
8.01954
8.0205
8.02145
8.0224
8.02336
8.02431
8.02526
8.02622
8.02717
8.02813
8.02908
8.03003
8.03099
8.03194
8.03289
8.03385
8.0348
8.03576
8.03671
8.03766
8.03862
8.03957
8.04052
8.04148
8.04243
8.04338
8.04434
8.04529
8.04625
8.0472
8.04815
8.04911
8.05006
8.05101
8.05197
8.05292
8.05387
8.05483
8.05578
8.05674
8.05769
8.05864
8.0596
8.06055
8.0615
8.06246
8.06341
8.06437
8.06532
8.06627
8.06723
8.06818
8.06913
8.07009
8.07104
8.07199
8.07295
8.0739
8.07486
8.07581
8.07676
8.07772
8.07867
8.07962
8.08058
8.08153
8.08249
8.08344
8.08439
8.08535
8.0863
8.08725
8.08821
8.08916
8.09011
8.09107
8.09202
8.09298
8.09393
8.09488
8.09584
8.09679
8.09774
8.0987
8.09965
8.10061
8.10156
8.10251
8.10347
8.10442
8.10537
8.10633
8.10728
8.10823
8.10919
8.11014
8.1111
8.11205
8.113
8.11396
8.11491
8.11586
8.11682
8.11777
8.11872
8.11968
8.12063
8.12159
8.12254
8.12349
8.12445
8.1254
8.12635
8.12731
8.12826
8.12922
8.13017
8.13112
8.13208
8.13303
8.13398
8.13494
8.13589
8.13684
8.1378
8.13875
8.13971
8.14066
8.14161
8.14257
8.14352
8.14447
8.14543
8.14638
8.14734
8.14829
8.14924
8.1502
8.15115
8.1521
8.15306
8.15401
8.15496
8.15592
8.15687
8.15783
8.15878
8.15973
8.16069
8.16164
8.16259
8.16355
8.1645
8.16545
8.16641
8.16736
8.16832
8.16927
8.17022
8.17118
8.17213
8.17308
8.17404
8.17499
8.17595
8.1769
8.17785
8.17881
8.17976
8.18071
8.18167
8.18262
8.18357
8.18453
8.18548
8.18644
8.18739
8.18834
8.1893
8.19025
8.1912
8.19216
8.19311
8.19407
8.19502
8.19597
8.19693
8.19788
8.19883
8.19979
8.20074
8.20169
8.20265
8.2036
8.20456
8.20551
8.20646
8.20742
8.20837
8.20932
8.21028
8.21123
8.21218
8.21314
8.21409
8.21505
8.216
8.21695
8.21791
8.21886
8.21981
8.22077
8.22172
8.22268
8.22363
8.22458
8.22554
8.22649
8.22744
8.2284
8.22935
8.2303
8.23126
8.23221
8.23317
8.23412
8.23507
8.23603
8.23698
8.23793
8.23889
8.23984
8.2408
8.24175
8.2427
8.24366
8.24461
8.24556
8.24652
8.24747
8.24842
8.24938
8.25033
8.25129
8.25224
8.25319
8.25415
8.2551
8.25605
8.25701
8.25796
8.25891
8.25987
8.26082
8.26178
8.26273
8.26368
8.26464
8.26559
8.26654
8.2675
8.26845
8.26941
8.27036
8.27131
8.27227
8.27322
8.27417
8.27513
8.27608
8.27703
8.27799
8.27894
8.2799
8.28085
8.2818
8.28276
8.28371
8.28466
8.28562
8.28657
8.28753
8.28848
8.28943
8.29039
8.29134
8.29229
8.29325
8.2942
8.29515
8.29611
8.29706
8.29802
8.29897
8.29992
8.30088
8.30183
8.30278
8.30374
8.30469
8.30564
8.3066
8.30755
8.30851
8.30946
8.31041
8.31137
8.31232
8.31327
8.31423
8.31518
8.31614
8.31709
8.31804
8.319
8.31995
8.3209
8.32186
8.32281
8.32376
8.32472
8.32567
8.32663
8.32758
8.32853
8.32949
8.33044
8.33139
8.33235
8.3333
8.33426
8.33521
8.33616
8.33712
8.33807
8.33902
8.33998
8.34093
8.34188
8.34284
8.34379
8.34475
8.3457
8.34665
8.34761
8.34856
8.34951
8.35047
8.35142
8.35238
8.35333
8.35428
8.35524
8.35619
8.35714
8.3581
8.35905
8.36
8.36096
8.36191
8.36287
8.36382
8.36477
8.36573
8.36668
8.36763
8.36859
8.36954
8.37049
8.37145
8.3724
8.37336
8.37431
8.37526
8.37622
8.37717
8.37812
8.37908
8.38003
8.38099
8.38194
8.38289
8.38385
8.3848
8.38575
8.38671
8.38766
8.38861
8.38957
8.39052
8.39148
8.39243
8.39338
8.39434
8.39529
8.39624
8.3972
8.39815
8.39911
8.40006
8.40101
8.40197
8.40292
8.40387
8.40483
8.40578
8.40673
8.40769
8.40864
8.4096
8.41055
8.4115
8.41246
8.41341
8.41436
8.41532
8.41627
8.41722
8.41818
8.41913
8.42009
8.42104
8.42199
8.42295
8.4239
8.42485
8.42581
8.42676
8.42772
8.42867
8.42962
8.43058
8.43153
8.43248
8.43344
8.43439
8.43534
8.4363
8.43725
8.43821
8.43916
8.44011
8.44107
8.44202
8.44297
8.44393
8.44488
8.44584
8.44679
8.44774
8.4487
8.44965
8.4506
8.45156
8.45251
8.45346
8.45442
8.45537
8.45633
8.45728
8.45823
8.45919
8.46014
8.46109
8.46205
8.463
8.46395
8.46491
8.46586
8.46682
8.46777
8.46872
8.46968
8.47063
8.47158
8.47254
8.47349
8.47445
8.4754
8.47635
8.47731
8.47826
8.47921
8.48017
8.48112
8.48207
8.48303
8.48398
8.48494
8.48589
8.48684
8.4878
8.48875
8.4897
8.49066
8.49161
8.49257
8.49352
8.49447
8.49543
8.49638
8.49733
8.49829
8.49924
8.50019
8.50115
8.5021
8.50306
8.50401
8.50496
8.50592
8.50687
8.50782
8.50878
8.50973
8.51068
8.51164
8.51259
8.51355
8.5145
8.51545
8.51641
8.51736
8.51831
8.51927
8.52022
8.52118
8.52213
8.52308
8.52404
8.52499
8.52594
8.5269
8.52785
8.5288
8.52976
8.53071
8.53167
8.53262
8.53357
8.53453
8.53548
8.53643
8.53739
8.53834
8.5393
8.54025
8.5412
8.54216
8.54311
8.54406
8.54502
8.54597
8.54692
8.54788
8.54883
8.54979
8.55074
8.55169
8.55265
8.5536
8.55455
8.55551
8.55646
8.55742
8.55837
8.55932
8.56028
8.56123
8.56218
8.56314
8.56409
8.56504
8.566
8.56695
8.56791
8.56886
8.56981
8.57077
8.57172
8.57267
8.57363
8.57458
8.57553
8.57649
8.57744
8.5784
8.57935
8.5803
8.58126
8.58221
8.58316
8.58412
8.58507
8.58603
8.58698
8.58793
8.58889
8.58984
8.59079
8.59175
8.5927
8.59365
8.59461
8.59556
8.59652
8.59747
8.59842
8.59938
8.60033
8.60128
8.60224
8.60319
8.60415
8.6051
8.60605
8.60701
8.60796
8.60891
8.60987
8.61082
8.61177
8.61273
8.61368
8.61464
8.61559
8.61654
8.6175
8.61845
8.6194
8.62036
8.62131
8.62226
8.62322
8.62417
8.62513
8.62608
8.62703
8.62799
8.62894
8.62989
8.63085
8.6318
8.63276
8.63371
8.63466
8.63562
8.63657
8.63752
8.63848
8.63943
8.64038
8.64134
8.64229
8.64325
8.6442
8.64515
8.64611
8.64706
8.64801
8.64897
8.64992
8.65088
8.65183
8.65278
8.65374
8.65469
8.65564
8.6566
8.65755
8.6585
8.65946
8.66041
8.66137
8.66232
8.66327
8.66423
8.66518
8.66613
8.66709
8.66804
8.66899
8.66995
8.6709
8.67186
8.67281
8.67376
8.67472
8.67567
8.67662
8.67758
8.67853
8.67949
8.68044
8.68139
8.68235
8.6833
8.68425
8.68521
8.68616
8.68711
8.68807
8.68902
8.68998
8.69093
8.69188
8.69284
8.69379
8.69474
8.6957
8.69665
8.69761
8.69856
8.69951
8.70047
8.70142
8.70237
8.70333
8.70428
8.70523
8.70619
8.70714
8.7081
8.70905
8.71
8.71096
8.71191
8.71286
8.71382
8.71477
8.71572
8.71668
8.71763
8.71859
8.71954
8.72049
8.72145
8.7224
8.72335
8.72431
8.72526
8.72622
8.72717
8.72812
8.72908
8.73003
8.73098
8.73194
8.73289
8.73384
8.7348
8.73575
8.73671
8.73766
8.73861
8.73957
8.74052
8.74147
8.74243
8.74338
8.74434
8.74529
8.74624
8.7472
8.74815
8.7491
8.75006
8.75101
8.75196
8.75292
8.75387
8.75483
8.75578
8.75673
8.75769
8.75864
8.75959
8.76055
8.7615
8.76245
8.76341
8.76436
8.76532
8.76627
8.76722
8.76818
8.76913
8.77008
8.77104
8.77199
8.77295
8.7739
8.77485
8.77581
8.77676
8.77771
8.77867
8.77962
8.78057
8.78153
8.78248
8.78344
8.78439
8.78534
8.7863
8.78725
8.7882
8.78916
8.79011
8.79107
8.79202
8.79297
8.79393
8.79488
8.79583
8.79679
8.79774
8.79869
8.79965
8.8006
8.80156
8.80251
8.80346
8.80442
8.80537
8.80632
8.80728
8.80823
8.80919
8.81014
8.81109
8.81205
8.813
8.81395
8.81491
8.81586
8.81681
8.81777
8.81872
8.81968
8.82063
8.82158
8.82254
8.82349
8.82444
8.8254
8.82635
8.8273
8.82826
8.82921
8.83017
8.83112
8.83207
8.83303
8.83398
8.83493
8.83589
8.83684
8.8378
8.83875
8.8397
8.84066
8.84161
8.84256
8.84352
8.84447
8.84542
8.84638
8.84733
8.84829
8.84924
8.85019
8.85115
8.8521
8.85305
8.85401
8.85496
8.85592
8.85687
8.85782
8.85878
8.85973
8.86068
8.86164
8.86259
8.86354
8.8645
8.86545
8.86641
8.86736
8.86831
8.86927
8.87022
8.87117
8.87213
8.87308
8.87403
8.87499
8.87594
8.8769
8.87785
8.8788
8.87976
8.88071
8.88166
8.88262
8.88357
8.88453
8.88548
8.88643
8.88739
8.88834
8.88929
8.89025
8.8912
8.89215
8.89311
8.89406
8.89502
8.89597
8.89692
8.89788
8.89883
8.89978
8.90074
8.90169
8.90265
8.9036
8.90455
8.90551
8.90646
8.90741
8.90837
8.90932
8.91027
8.91123
8.91218
8.91314
8.91409
8.91504
8.916
8.91695
8.9179
8.91886
8.91981
8.92076
8.92172
8.92267
8.92363
8.92458
8.92553
8.92649
8.92744
8.92839
8.92935
8.9303
8.93126
8.93221
8.93316
8.93412
8.93507
8.93602
8.93698
8.93793
8.93888
8.93984
8.94079
8.94175
8.9427
8.94365
8.94461
8.94556
8.94651
8.94747
8.94842
8.94938
8.95033
8.95128
8.95224
8.95319
8.95414
8.9551
8.95605
8.957
8.95796
8.95891
8.95987
8.96082
8.96177
8.96273
8.96368
8.96463
8.96559
8.96654
8.96749
8.96845
8.9694
8.97036
8.97131
8.97226
8.97322
8.97417
8.97512
8.97608
8.97703
8.97799
8.97894
8.97989
8.98085
8.9818
8.98275
8.98371
8.98466
8.98561
8.98657
8.98752
8.98848
8.98943
8.99038
8.99134
8.99229
8.99324
8.9942
8.99515
8.99611
8.99706
8.99801
8.99897
8.99992
9.00087
9.00183
9.00278
9.00373
9.00469
9.00564
9.0066
9.00755
9.0085
9.00946
9.01041
9.01136
9.01232
9.01327
9.01423
9.01518
9.01613
9.01709
9.01804
9.01899
9.01995
9.0209
9.02185
9.02281
9.02376
9.02472
9.02567
9.02662
9.02758
9.02853
9.02948
9.03044
9.03139
9.03234
9.0333
9.03425
9.03521
9.03616
9.03711
9.03807
9.03902
9.03997
9.04093
9.04188
9.04284
9.04379
9.04474
9.0457
9.04665
9.0476
9.04856
9.04951
9.05046
9.05142
9.05237
9.05333
9.05428
9.05523
9.05619
9.05714
9.05809
9.05905
9.06
9.06096
9.06191
9.06286
9.06382
9.06477
9.06572
9.06668
9.06763
9.06858
9.06954
9.07049
9.07145
9.0724
9.07335
9.07431
9.07526
9.07621
9.07717
9.07812
9.07907
9.08003
9.08098
9.08194
9.08289
9.08384
9.0848
9.08575
9.0867
9.08766
9.08861
9.08957
9.09052
9.09147
9.09243
9.09338
9.09433
9.09529
9.09624
9.09719
9.09815
9.0991
9.10006
9.10101
9.10196
9.10292
9.10387
9.10482
9.10578
9.10673
9.10769
9.10864
9.10959
9.11055
9.1115
9.11245
9.11341
9.11436
9.11531
9.11627
9.11722
9.11818
9.11913
9.12008
9.12104
9.12199
9.12294
9.1239
9.12485
9.1258
9.12676
9.12771
9.12867
9.12962
9.13057
9.13153
9.13248
9.13343
9.13439
9.13534
9.1363
9.13725
9.1382
9.13916
9.14011
9.14106
9.14202
9.14297
9.14392
9.14488
9.14583
9.14679
9.14774
9.14869
9.14965
9.1506
9.15155
9.15251
9.15346
9.15442
9.15537
9.15632
9.15728
9.15823
9.15918
9.16014
9.16109
9.16204
9.163
9.16395
9.16491
9.16586
9.16681
9.16777
9.16872
9.16967
9.17063
9.17158
9.17253
9.17349
9.17444
9.1754
9.17635
9.1773
9.17826
9.17921
9.18016
9.18112
9.18207
9.18303
9.18398
9.18493
9.18589
9.18684
9.18779
9.18875
9.1897
9.19065
9.19161
9.19256
9.19352
9.19447
9.19542
9.19638
9.19733
9.19828
9.19924
9.20019
9.20115
9.2021
9.20305
9.20401
9.20496
9.20591
9.20687
9.20782
9.20877
9.20973
9.21068
9.21164
9.21259
9.21354
9.2145
9.21545
9.2164
9.21736
9.21831
9.21926
9.22022
9.22117
9.22213
9.22308
9.22403
9.22499
9.22594
9.22689
9.22785
9.2288
9.22976
9.23071
9.23166
9.23262
9.23357
9.23452
9.23548
9.23643
9.23738
9.23834
9.23929
9.24025
9.2412
9.24215
9.24311
9.24406
9.24501
9.24597
9.24692
9.24788
9.24883
9.24978
9.25074
9.25169
9.25264
9.2536
9.25455
9.2555
9.25646
9.25741
9.25837
9.25932
9.26027
9.26123
9.26218
9.26313
9.26409
9.26504
9.266
9.26695
9.2679
9.26886
9.26981
9.27076
9.27172
9.27267
9.27362
9.27458
9.27553
9.27649
9.27744
9.27839
9.27935
9.2803
9.28125
9.28221
9.28316
9.28411
9.28507
9.28602
9.28698
9.28793
9.28888
9.28984
9.29079
9.29174
9.2927
9.29365
9.29461
9.29556
9.29651
9.29747
9.29842
9.29937
9.30033
9.30128
9.30223
9.30319
9.30414
9.3051
9.30605
9.307
9.30796
9.30891
9.30986
9.31082
9.31177
9.31273
9.31368
9.31463
9.31559
9.31654
9.31749
9.31845
9.3194
9.32035
9.32131
9.32226
9.32322
9.32417
9.32512
9.32608
9.32703
9.32798
9.32894
9.32989
9.33084
9.3318
9.33275
9.33371
9.33466
9.33561
9.33657
9.33752
9.33847
9.33943
9.34038
9.34134
9.34229
9.34324
9.3442
9.34515
9.3461
9.34706
9.34801
9.34896
9.34992
9.35087
9.35183
9.35278
9.35373
9.35469
9.35564
9.35659
9.35755
9.3585
9.35946
9.36041
9.36136
9.36232
9.36327
9.36422
9.36518
9.36613
9.36708
9.36804
9.36899
9.36995
9.3709
9.37185
9.37281
9.37376
9.37471
9.37567
9.37662
9.37757
9.37853
9.37948
9.38044
9.38139
9.38234
9.3833
9.38425
9.3852
9.38616
9.38711
9.38807
9.38902
9.38997
9.39093
9.39188
9.39283
9.39379
9.39474
9.39569
9.39665
9.3976
9.39856
9.39951
9.40046
9.40142
9.40237
9.40332
9.40428
9.40523
9.40619
9.40714
9.40809
9.40905
9.41
9.41095
9.41191
9.41286
9.41381
9.41477
9.41572
9.41668
9.41763
9.41858
9.41954
9.42049
9.42144
9.4224
9.42335
9.4243
9.42526
9.42621
9.42717
9.42812
9.42907
9.43003
9.43098
9.43193
9.43289
9.43384
9.4348
9.43575
9.4367
9.43766
9.43861
9.43956
9.44052
9.44147
9.44242
9.44338
9.44433
9.44529
9.44624
9.44719
9.44815
9.4491
9.45005
9.45101
9.45196
9.45292
9.45387
9.45482
9.45578
9.45673
9.45768
9.45864
9.45959
9.46054
9.4615
9.46245
9.46341
9.46436
9.46531
9.46627
9.46722
9.46817
9.46913
9.47008
9.47104
9.47199
9.47294
9.4739
9.47485
9.4758
9.47676
9.47771
9.47866
9.47962
9.48057
9.48153
9.48248
9.48343
9.48439
9.48534
9.48629
9.48725
9.4882
9.48915
9.49011
9.49106
9.49202
9.49297
9.49392
9.49488
9.49583
9.49678
9.49774
9.49869
9.49965
9.5006
9.50155
9.50251
9.50346
9.50441
9.50537
9.50632
9.50727
9.50823
9.50918
9.51014
9.51109
9.51204
9.513
9.51395
9.5149
9.51586
9.51681
9.51777
9.51872
9.51967
9.52063
9.52158
9.52253
9.52349
9.52444
9.52539
9.52635
9.5273
9.52826
9.52921
9.53016
9.53112
9.53207
9.53302
9.53398
9.53493
9.53588
9.53684
9.53779
9.53875
9.5397
9.54065
9.54161
9.54256
9.54351
9.54447
9.54542
9.54638
9.54733
9.54828
9.54924
9.55019
9.55114
9.5521
9.55305
9.554
9.55496
9.55591
9.55687
9.55782
9.55877
9.55973
9.56068
9.56163
9.56259
9.56354
9.5645
9.56545
9.5664
9.56736
9.56831
9.56926
9.57022
9.57117
9.57212
9.57308
9.57403
9.57499
9.57594
9.57689
9.57785
9.5788
9.57975
9.58071
9.58166
9.58261
9.58357
9.58452
9.58548
9.58643
9.58738
9.58834
9.58929
9.59024
9.5912
9.59215
9.59311
9.59406
9.59501
9.59597
9.59692
9.59787
9.59883
9.59978
9.60073
9.60169
9.60264
9.6036
9.60455
9.6055
9.60646
9.60741
9.60836
9.60932
9.61027
9.61123
9.61218
9.61313
9.61409
9.61504
9.61599
9.61695
9.6179
9.61885
9.61981
9.62076
9.62172
9.62267
9.62362
9.62458
9.62553
9.62648
9.62744
9.62839
9.62934
9.6303
9.63125
9.63221
9.63316
9.63411
9.63507
9.63602
9.63697
9.63793
9.63888
9.63984
9.64079
9.64174
9.6427
9.64365
9.6446
9.64556
9.64651
9.64746
9.64842
9.64937
9.65033
9.65128
9.65223
9.65319
9.65414
9.65509
9.65605
9.657
9.65796
9.65891
9.65986
9.66082
9.66177
9.66272
9.66368
9.66463
9.66558
9.66654
9.66749
9.66845
9.6694
9.67035
9.67131
9.67226
9.67321
9.67417
9.67512
9.67607
9.67703
9.67798
9.67894
9.67989
9.68084
9.6818
9.68275
9.6837
9.68466
9.68561
9.68657
9.68752
9.68847
9.68943
9.69038
9.69133
9.69229
9.69324
9.69419
9.69515
9.6961
9.69706
9.69801
9.69896
9.69992
9.70087
9.70182
9.70278
9.70373
9.70469
9.70564
9.70659
9.70755
9.7085
9.70945
9.71041
9.71136
9.71231
9.71327
9.71422
9.71518
9.71613
9.71708
9.71804
9.71899
9.71994
9.7209
9.72185
9.72281
9.72376
9.72471
9.72567
9.72662
9.72757
9.72853
9.72948
9.73043
9.73139
9.73234
9.7333
9.73425
9.7352
9.73616
9.73711
9.73806
9.73902
9.73997
9.74092
9.74188
9.74283
9.74379
9.74474
9.74569
9.74665
9.7476
9.74855
9.74951
9.75046
9.75142
9.75237
9.75332
9.75428
9.75523
9.75618
9.75714
9.75809
9.75904
9.76
9.76095
9.76191
9.76286
9.76381
9.76477
9.76572
9.76667
9.76763
9.76858
9.76954
9.77049
9.77144
9.7724
9.77335
9.7743
9.77526
9.77621
9.77716
9.77812
9.77907
9.78003
9.78098
9.78193
9.78289
9.78384
9.78479
9.78575
9.7867
9.78765
9.78861
9.78956
9.79052
9.79147
9.79242
9.79338
9.79433
9.79528
9.79624
9.79719
9.79815
9.7991
9.80005
9.80101
9.80196
9.80291
9.80387
9.80482
9.80577
9.80673
9.80768
9.80864
9.80959
9.81054
9.8115
9.81245
9.8134
9.81436
9.81531
9.81627
9.81722
9.81817
9.81913
9.82008
9.82103
9.82199
9.82294
9.82389
9.82485
9.8258
9.82676
9.82771
9.82866
9.82962
9.83057
9.83152
9.83248
9.83343
9.83438
9.83534
9.83629
9.83725
9.8382
9.83915
9.84011
9.84106
9.84201
9.84297
9.84392
9.84488
9.84583
9.84678
9.84774
9.84869
9.84964
9.8506
9.85155
9.8525
9.85346
9.85441
9.85537
9.85632
9.85727
9.85823
9.85918
9.86013
9.86109
9.86204
9.863
9.86395
9.8649
9.86586
9.86681
9.86776
9.86872
9.86967
9.87062
9.87158
9.87253
9.87349
9.87444
9.87539
9.87635
9.8773
9.87825
9.87921
9.88016
9.88111
9.88207
9.88302
9.88398
9.88493
9.88588
9.88684
9.88779
9.88874
9.8897
9.89065
9.89161
9.89256
9.89351
9.89447
9.89542
9.89637
9.89733
9.89828
9.89923
9.90019
9.90114
9.9021
9.90305
9.904
9.90496
9.90591
9.90686
9.90782
9.90877
9.90973
9.91068
9.91163
9.91259
9.91354
9.91449
9.91545
9.9164
