0.300171 -0.868 -0.0894549 0.167975 -0.276248 0.233738 0.958627 -0.245907 -0.0119408 -0.16416 
-0.0917401 0.529208 0.47637 -0.815393 0.520441 -0.951524 0.307863 0.557828 0.218491 -1.15691 
0.30032 -0.5415 0.195553 0.346686 -0.029446 1.38412 0.0382778 -1.00153 -0.18534 0.529693 
0.214561 0.0820858 0.0182489 -0.351523 0.446191 0.0642183 -0.351687 1.64177 -0.421108 1.52252 
-0.510361 0.588485 0.41557 -0.253942 -0.0445136 1.46599 0.0362172 -1.06592 0.695199 -1.7083 
0.479093 -0.954733 0.693298 -0.0556584 1.48793 -0.0413636 -0.498265 0.350095 -0.372728 -0.517277 
-1.14642 0.308074 0.350102 -0.435744 -0.724166 0.381818 -1.25308 -0.373523 0.747994 0.113142 
0.94668 0.761229 0.564453 -0.543538 0.927446 0.683951 -1.03509 0.140431 0.570156 0.0693394 
-1.07165 -1.14965 0.40166 1.13168 -0.0237567 -0.21373 -0.221279 -0.207708 -0.274617 0.160509 
-0.0722473 -0.333785 0.149223 -0.234931 0.336555 0.348526 0.226752 -0.818724 -1.72557 0.529399 
-0.309609 -1.16145 -0.0518928 1.18894 -0.029628 -0.774798 0.634618 0.244998 0.114731 -0.34822 
-0.092791 0.630617 -0.128885 0.413507 0.679305 0.359945 -0.294035 0.198734 1.73578 0.480499 
0.0664947 -0.743699 -0.12655 0.593198 0.681228 -0.739511 -0.0395433 0.206726 0.721648 0.243012 
-0.583858 -1.76678 -0.242779 -0.301061 0.493828 1.5426 1.14529 -0.845373 0.129577 -0.0223028 
-0.641768 -1.01466 -0.333323 -0.508716 -0.0189239 0.809206 -0.446735 0.96741 -0.872106 -0.302007 
0.366299 -0.931612 0.336708 -0.929959 1.16915 0.140692 -0.69741 0.753992 -0.0281839 0.963529 
0.818617 -0.0880518 0.638788 -0.993303 1.0773 0.263813 -0.544965 -0.273447 -0.676595 1.31847 
0.215017 0.0126981 0.51583 0.540535 -1.58007 0.321887 0.104527 -0.622487 -0.742491 0.21089 
-0.211824 0.488236 0.82233 -0.782776 -0.0537838 -0.615066 0.306246 -0.439867 -0.678719 0.833374 
-0.417202 0.682505 -1.03377 0.549056 -0.220886 0.204415 0.964329 0.0438916 1.03042 -0.497716 
1.00851 0.104 0.303262 0.908941 1.07865 -1.54351 0.956162 0.399364 -0.0740189 -0.660993 
0.167399 0.304777 -0.663522 -0.762783 0.450678 0.178088 0.121834 -1.23577 -1.32932 -0.646289 
0.817685 0.504462 -0.0909554 1.45566 0.278781 0.1962 0.108421 0.945144 0.742132 0.87609 
-0.775726 1.09657 -0.614634 -0.439616 -1.5452 0.116834 -0.688426 -0.367578 -0.42572 -0.0752228 
-1.06862 -0.254313 0.564868 0.399338 -0.222208 0.016097 -0.272453 -0.177965 0.0876919 1.46932 
-0.478091 -0.582192 0.396746 0.853232 0.147809 1.0379 0.0217083 0.285312 0.143319 -0.155233 
0.0531199 0.399138 -0.485295 0.326439 -0.701422 0.14412 1.10183 0.236446 -0.201357 0.0188922 
-1.1628 -0.572065 0.477753 -0.667459 0.265009 0.507786 0.785426 0.61564 0.66244 1.37447 
0.171506 -0.722231 -0.493774 0.0150919 -1.16799 -0.927257 0.566468 -1.5826 -0.675291 0.508163 
1.12023 0.071623 -0.212433 -0.869978 0.0972326 0.969138 1.00296 -0.10348 0.0617669 -0.909281 
-0.762926 -1.00685 0.678322 -0.670652 -0.0263706 -0.495797 -0.69821 -0.103649 1.02785 0.929902 
0.46122 0.398056 0.714872 0.4378 -0.130221 0.290588 0.931281 0.128277 -0.196703 0.581259 
0.729786 -0.0512061 -0.689395 1.42694 -0.744339 -0.576005 -0.0322244 -0.139459 0.798609 0.571965 
-0.742382 -0.124084 -0.971746 0.408671 0.426776 -0.433268 0.202294 0.500193 0.424648 0.362608 
0.522582 -0.874149 -0.330922 1.07494 -0.268612 0.613968 -0.04335 0.0623209 0.954813 -0.0737224 
-0.672717 0.240639 -0.128056 -0.0784701 0.768125 -0.940936 1.53037 0.78237 0.903492 -0.226314 
1.03618 -0.22696 -0.0905568 0.76506 -0.767981 0.306361 0.0788138 0.190638 -0.89876 -1.12704 
-1.70339 0.451923 -0.752936 -0.85094 -1.27401 0.0964934 0.374795 -0.21976 0.237327 -0.462293 
-0.11648 -0.256745 0.738197 1.27378 0.148802 0.477996 0.498827 -0.246681 0.495572 -0.487147 
0.857004 -0.635997 0.348192 -0.451914 1.02878 -0.876478 -0.177862 -0.823539 0.0651847 -0.769545 
0.300817 -0.423576 1.30975 0.873274 -0.981255 -0.432438 0.884844 0.728947 -0.465263 0.0639494 
0.999781 -0.337739 -0.326861 -0.2126 -0.537032 -0.738962 0.614252 0.526314 -0.63738 0.695502 
-0.61685 -0.249859 0.509111 -0.998532 -0.0018735 -0.118656 -0.132793 -1.07282 0.19603 0.00105719 
-0.548014 0.22864 1.02691 -0.902773 1.02692 -0.701662 0.640485 -0.372153 0.518991 -0.914201 
-0.186822 -0.176047 -0.0389041 0.798993 -1.00086 0.258498 0.551745 -1.03776 0.0531416 -1.04619 
-0.0991319 -1.09689 -0.699401 1.0061 0.519671 0.076253 0.85847 0.130751 1.18582 -0.133753 
0.888512 -0.521392 -0.177276 0.170592 0.187012 -0.418877 0.682987 -0.669007 -1.20547 -0.806288 
0.462188 0.157612 0.58839 -0.480441 0.712013 -0.457582 0.0298345 -1.23086 -1.42847 0.831001 
-0.0236052 1.03075 -0.747937 -0.334745 -0.513225 -0.123075 -0.614883 -0.559856 1.23608 0.371227 
-0.773393 -0.7152 0.0477839 -0.307921 0.392288 0.627934 -1.16064 -0.445889 0.314376 0.662259 
-0.720603 -0.330986 0.23612 0.238333 0.0985017 0.405732 -0.450922 -0.888865 0.58919 -0.144393 
0.0740371 0.659841 0.520229 -0.560288 0.337138 0.829287 -0.16709 -0.151895 1.26949 -0.596377 
0.606549 0.241667 0.985242 -0.556563 -0.601659 1.41018 -0.700477 -0.142829 -0.400347 1.0397 
0.0264064 0.775637 0.147977 0.52882 -1.18777 -0.664069 -1.18238 -0.295313 -0.0497789 0.435226 
-0.0266748 0.375379 0.993432 -1.11997 0.32811 -0.363737 -0.145157 0.080737 0.337775 0.144689 
-0.368106 0.13679 -0.450181 0.619174 0.202076 -0.736026 -0.196759 -1.75701 0.290022 1.23967 
-1.06968 -0.353428 -1.09588 -0.359631 0.5318 -0.206675 -0.740127 0.840726 0.887084 -0.376739 
-0.519876 -0.422635 -0.130477 0.475071 -0.103226 0.214583 -1.45763 -0.215156 0.229686 0.424998 
0.471719 -0.108958 0.582769 -0.808512 -0.749613 -0.936535 -0.381279 -0.965795 1.03913 0.308124 
1.27207 -0.049076 -0.722743 0.357394 0.862145 -0.921387 -0.152846 -0.37804 -0.340854 0.0846092 
-0.765909 -0.301644 0.496308 -0.32091 1.14027 0.421341 0.63459 -0.995144 0.0861261 -1.06323 
-0.657991 -0.253731 -0.276685 0.0987766 -1.22822 -0.847436 -0.641562 -1.02215 0.101629 -0.183997 
0.692508 -1.15378 1.09753 -0.0199637 0.0548727 -0.265412 -0.184028 0.809816 0.334307 0.199893 
-1.00954 0.826416 -0.577811 -0.00851898 -1.21479 -0.806374 -1.0862 0.150694 -0.651604 -0.0991411 
-0.252268 -0.480736 -0.0163359 0.0224206 -0.203099 -1.29539 -0.120937 0.48937 -1.77452 -0.556637 
0.130526 0.654153 0.176578 -0.403273 -1.53465 -0.27484 -0.00652185 -0.434417 -0.970871 -0.157888 
-0.727181 0.579118 -0.38911 0.566063 1.17616 -0.18961 -0.734157 -0.073909 1.1787 0.471432 
-0.218562 -0.25608 -0.209575 -0.0117901 -0.103969 0.709765 -0.466584 -0.797692 0.0853192 1.05487 
-0.496035 -0.383147 0.267786 0.238831 0.817905 0.956947 -0.900336 -0.157435 0.946109 -1.20423 
-0.326338 0.474707 0.271561 0.213983 0.565089 1.09356 0.545647 -1.40599 -0.327937 -0.134437 
-0.491588 -0.131735 -0.668506 0.418377 0.709392 0.600616 -0.327768 -0.412486 0.343504 0.0188415 
-0.739553 -0.188268 0.544887 0.338657 0.620187 0.48114 0.660316 -1.01135 0.0972799 -0.411746 
0.282444 -0.195425 0.534967 -0.0935571 -0.0323576 0.113992 -0.601151 0.335067 -0.306991 0.125317 
0.490434 -1.07697 -0.631338 -0.413593 0.578042 -0.110224 -0.71878 -0.272638 1.33482 -0.204817 
0.833229 -0.856993 0.453324 -0.678844 0.459886 -0.0850123 -0.167209 0.233516 -0.42106 0.832277 
-0.858844 -0.028953 -1.32754 -0.339989 0.398995 -0.243411 0.267102 -0.800593 0.64556 -1.49389 
0.418847 0.609883 0.370175 -0.13025 0.550541 -0.357468 0.222668 -0.592291 0.021727 -0.752156 
-0.803153 1.37042 1.52055 -0.783273 0.157414 -0.221512 0.286948 0.586948 -0.873566 -0.369983 
-0.270915 0.670366 -0.948618 0.197144 0.130029 1.24954 -0.117737 -0.0903336 -0.888256 -0.412949 
1.40232 -0.948395 -1.2958 0.323468 0.376528 0.786102 0.582672 -0.269625 -0.0360472 -0.480354 
-1.02051 -0.482252 0.72917 -0.854914 0.323834 -0.466418 -0.0219141 -0.00255101 -0.100399 -0.380159 
-0.500602 0.144526 -0.479356 -0.226125 0.626221 -0.150514 -0.344209 -1.08442 -0.832231 0.808904 
0.834723 0.0813733 1.03733 -0.280042 -0.39032 0.387484 0.0590501 -0.626713 1.19509 1.29245 
-0.675076 -0.557015 0.888895 -0.0359552 0.0861962 0.795928 -0.421468 0.300271 0.868653 0.526934 
0.0430462 0.59682 1.24263 -0.679758 0.617363 -1.19242 -0.0873515 0.219067 0.348189 -1.3869 
-0.389812 0.327721 0.438043 -0.79025 0.320799 -0.627521 1.41051 -0.381265 0.459086 1.51734 
-0.414051 0.285453 -1.48035 -1.12957 -0.334022 0.932631 -0.960914 0.833934 0.511891 -1.04339 
0.370802 0.0717457 0.34794 0.239975 -0.813484 0.743185 -0.106639 -0.165372 0.260881 -0.353925 
-0.607001 -0.629486 -0.137812 0.463939 0.49207 0.522216 0.432747 0.476256 -1.46557 0.0729116 
0.061067 0.0334174 -1.17765 -0.439904 -0.0291065 0.414409 1.76656 -0.29916 0.835069 -0.706971 
0.577871 -0.348948 -0.607691 -0.229682 -0.484091 1.11598 0.0431834 -0.689169 0.400082 -0.196725 
0.304435 0.440246 0.365353 0.521293 -0.0168283 -0.243976 0.436861 0.843539 0.618683 -1.01299 
-1.13518 -0.600335 -0.393161