-0.0835124 -0.00508172 0.947378 -0.311801 0.228128 -0.292321 0.154979 0.11995 -0.0362794 0.70281 
-0.673301 -0.397326 -0.106019 -0.0885685 0.204226 0.608203 0.238146 -0.884762 -0.438462 0.963854 
-0.934219 -0.60087 -0.625937 0.598249 0.911668 0.548533 -0.144511 0.0504606 -0.619165 0.539976 
-0.839704 0.323256 -0.983958 -0.0584601 0.889123 -0.20113 0.950728 -0.245558 0.581614 -0.523609 
-0.818137 -0.163764 -0.810217 0.253201 0.559022 0.107728 0.536519 -0.557496 0.448893 0.920724 
-0.234722 0.934629 0.81318 0.408814 0.130338 0.28761 0.658643 -0.591715 -0.452253 -0.80328 
0.689313 0.240337 -0.416977 0.143336 -0.16406 0.853508 0.150797 -0.657286 -0.925265 0.524597 
-0.331184 0.918348 0.183878 0.243026 -0.921268 0.526704 0.14741 -0.0460109 -0.0185022 -0.572819 
-0.979276 -0.785102 0.984834 -0.0986892 -0.540396 0.591151 0.325242 0.403041 0.670908 -0.709369 
-0.0465249 -0.115207 0.969286 0.24047 -0.907505 0.105105 0.750317 -0.963924 0.809302 0.292048 
-0.564266 0.744217 0.849612 0.0043789 -0.634966 0.586006 0.0743005 -0.6571 -0.484717 0.790374 
-0.262569 -0.760025 0.339751 -0.819334 0.298235 0.743019 -0.352517 -0.904113 -0.392219 0.99734 
-0.5544 -0.239098 0.0994742 -0.125662 0.652721 0.990802 -0.900029 -0.881185 0.761093 0.495767 
0.304697 -0.831781 -0.249767 -0.349736 0.378009 0.903251 0.559199 -0.187014 0.0671341 0.753849 
0.40223 -0.149423 -0.919702 -0.658041 -0.0914493 0.0717702 0.392563 -0.840978 -0.535476 0.874649 
0.674696 0.693869 -0.914176 -0.933219 -0.349342 0.317518 -0.147104 -0.85607 0.0287038 0.848182 
-0.721785 -0.104506 0.732461 -0.127557 0.485399 0.557234 -0.528607 -0.336236 0.909235 0.198673 
-0.601542 -0.14977 -0.457152 0.331534 0.551669 0.17025 0.135237 -0.470651 0.976231 -0.53479 
0.0758954 0.691944 -0.0371998 0.658584 0.31616 -0.847705 -0.372593 -0.52198 0.343195 -0.952675 
-0.548377 -0.133382 -0.367814 -0.76852 0.730533 0.72682 0.370169 -0.521455 0.315096 -0.769958 
0.957826 -0.67404 0.49523 0.108732 0.616695 -0.060223 0.629153 -0.688906 0.133696 -0.943526 
-0.385505 -0.634408 -0.582182 -0.809266 0.523502 0.112203 -0.0841905 -0.374228 0.23919 0.224378 
0.688957 -0.973924 0.343562 -0.414668 -0.366505 0.760063 -0.106459 -0.113403 0.93785 -0.634209 
0.416945 0.225637 0.519166 0.0132886 -0.319479 0.910251 -0.0971286 -0.80178 0.893613 -0.695022 
-0.639141 0.0464532 0.113434 0.766113 -0.569735 0.879644 -0.86037 -0.569618 -0.0463942 0.334333 
-0.894336 -0.0858229 0.64073 0.483045 0.521943 0.952915 -0.0682008 -0.760974 -0.699917 -0.328387 
-0.789015 -0.252908 0.318689 0.107484 0.92875 0.711059 0.924589 -0.871313 -0.147099 0.228026 
-0.932086 -0.156855 -0.663416 0.27033 0.417013 0.679286 0.834325 -0.581862 -0.770798 -0.12761 
-0.112618 -0.226189 -0.0314812 0.536276 -0.462364 0.955604 0.675929 0.018417 -0.719569 -0.90445 
-0.554148 0.604151 -0.411188 0.970852 0.298152 0.17785 -0.852789 -0.314249 -0.824018 0.128682 
0.632547 0.17707 -0.985221 0.51812 -0.510778 -0.414601 -0.100817 -0.874137 0.252301 0.948798 
0.614375 0.956756 -0.625361 -0.366494 -0.475546 0.289449 0.8823 -0.940552 -0.364065 0.183044 
-0.083399 0.898355 -0.436605 0.449651 0.807954 -0.0790258 0.397372 -0.755458 -0.529108 -0.153588 
0.853378 -0.0762788 -0.776588 0.74901 0.957549 0.0195315 0.353891 -0.920938 -0.480517 -0.548159 
0.504006 0.342924 -0.555134 -0.361801 0.177856 0.0487804 0.495047 -0.692227 -0.463763 -0.790319 
0.139735 0.879652 -0.882362 0.273439 -0.281543 -0.557099 0.42896 0.940338 -0.758412 -0.301554 
0.422619 0.932363 -0.0837785 -0.211274 -0.952229 -0.74897 0.598556 0.00324374 -0.30079 0.518506 
0.755749 0.771024 -0.209681 0.0830234 -0.891792 -0.82697 -0.447359 0.150444 0.845487 0.0216601 
0.284277 0.875157 0.140274 -0.810903 -0.737406 -0.595995 0.613277 -0.210375 0.773732 0.360838 
-0.0919195 0.632425 -0.0547136 0.914645 -0.511503 -0.881542 0.287316 -0.847522 0.807216 0.203542 
0.110359 0.937083 -0.37987 -0.0120978 -0.974645 -0.662763 0.594059 -0.645559 0.815565 -0.0306876 
-0.246922 0.897456 -0.760619 0.786674 -0.981246 -0.0706472 0.312623 -0.68815 0.298653 -0.0989104 
-0.20919 0.931317 -0.690103 -0.942751 0.836997 -0.115073 -0.0155375 -0.652105 0.958998 0.374273 
-0.957178 0.960249 0.494223 0.801946 -0.556619 -0.253226 0.197582 -0.860461 -0.614761 -0.297899 
-0.924802 0.962877 -0.877616 0.580262 0.863121 0.28755 0.253884 -0.0727264 -0.315361 0.707362 
-0.743452 0.739823 -0.106144 -0.497751 0.896572 0.0105507 -0.450314 0.484923 -0.0183895 0.350006 
-0.643882 0.826011 0.163711 -0.322611 0.955691 -0.68143 -0.811806 0.658592 -0.894533 0.253539 
0.476267 0.161088 -0.0162357 0.621121 0.780634 -0.748608 -0.519042 0.166678 0.950923 -0.539012 
0.290254 -0.488463 -0.356418 0.868747 -0.727773 -0.923928 0.234431 0.559035 0.849045 0.0945942 
0.0679283 0.912602 0.0301827 0.79851 0.231726 -0.791411 -0.953812 0.455342 0.462173 -0.259843 
0.616263 0.223909 -0.0393792 -0.339031 0.452537 -0.404094 -0.46368 -0.053648 0.744946 -0.83247 
0.748891 -0.0130195 -0.58108 0.130573 0.198837 -0.974071 -0.448312 -0.900344 0.588082 -0.255041 
0.501077 -0.798976 0.856304 -0.623786 -0.367578 0.194219 0.904087 -0.939419 -0.195536 0.842945 
0.821701 0.058994 0.594901 -0.676124 0.562914 -0.0305623 0.905986 -0.826119 0.0477232 -0.7055 
0.477471 -0.0989702 0.619567 -0.95825 -0.518659 0.286766 -0.291862 -0.484232 0.58104 -0.161466 
0.83099 0.704751 -0.502586 -0.878698 0.152641 0.692214 -0.384797 -0.618677 -0.191402 -0.0327501 
0.947653 0.795183 -0.501861 -0.957529 0.498326 0.863446 0.213882 0.0758858 -0.551731 -0.726256 
-0.188667 0.924262 -0.398035 -0.971963 0.266607 0.690086 0.962086 0.554639 0.344233 -0.597786 
-0.516923 0.860136 0.0955813 -0.0619112 0.25448 -0.826986 0.807367 -0.661662 0.397346 -0.53583 
0.188557 0.819452 0.345766 -0.422299 -0.73905 0.984082 0.0905224 -0.588257 0.689728 -0.266211 
0.873949 -0.863925 -0.964847 -0.362038 -0.187571 -0.471136 0.482281 -0.672033 0.224812 0.855577 
0.933455 -0.46614 -0.326429 -0.628171 0.206214 0.38235 0.815 -0.87968 0.0506937 0.491927 
0.944737 -0.996321 -0.0295934 -0.543328 0.596921 -0.44002 0.619503 0.605055 0.102142 -0.624743 
0.83089 -0.979808 0.868807 -0.57699 0.10022 -0.415354 0.693427 -0.145797 0.286958 -0.766458 
-0.0359837 -0.964789 0.793314 0.271092 0.535223 0.486656 -0.349172 -0.174883 0.96697 -0.662224 
0.392104 -0.61091 -0.0565938 -0.325321 0.766733 0.539989 -0.412531 0.183693 -0.976367 -0.719648 
0.863745 -0.97844 -0.108375 0.334262 0.555063 0.624605 -0.0198771 -0.688835 -0.268284 -0.714007 
0.835007 -0.95999 -0.233937 0.00499192 -0.595846 0.55318 -0.792348 -0.949959 0.899277 0.00812594 
0.814126 -0.698562 -0.617895 0.791752 0.380377 0.93021 0.70763 -0.252173 -0.430598 -0.0681575 
0.803593 -0.987678 -0.846329 0.491688 -0.106313 0.282795 -0.413131 0.616905 0.00320396 -0.439206 
-0.61011 -0.970201 0.597232 0.815743 0.9189 0.248531 -0.423436 0.341312 -0.0272507 -0.721418 
0.277543 0.11569 -0.717654 0.826077 -0.0668787 0.659241 -0.660419 -0.0534528 -0.266039 -0.869725 
0.20707 0.0785147 -0.254396 0.941154 0.390539 -0.775407 -0.412447 0.238346 0.686746 -0.874262 
0.762181 0.188436 -0.586497 0.546402 0.426299 0.749715 0.116755 -0.158597 -0.647881 -0.870413 
0.748126 -0.108092 0.0424515 0.893915 0.279947 -0.36667 0.430894 -0.3852 -0.436466 -0.739989 
0.583706 0.217473 0.42419 0.678146 -0.20971 -0.456106 0.143533 -0.52071 -0.290328 -0.967893 
0.783759 0.11384 -0.506733 0.32236 -0.885193 -0.392867 0.664007 -0.0247417 0.437833 0.660158 
0.717747 -0.64495 0.521269 -0.0230194 -0.959315 -0.711522 -0.198515 -0.347181 0.523961 0.844783 
-0.152579 0.776069 -0.57876 -0.383821 -0.827806 -0.39135 0.0523915 0.389489 0.468336 0.853433 
-0.938051 -0.360402 0.530267 0.878733 -0.866542 -0.570845 0.562566 -0.0845797 -0.569797 0.367776 
0.690956 0.732932 0.24281 0.0309969 -0.609347 -0.611239 -0.789964 -0.0647893 -0.579044 0.600589 
-0.61856 0.11054 0.148149 -0.0917542 0.358272 -0.232891 -0.489195 0.710874 -0.787781 0.767273 
-0.706669 0.745353 -0.00413734 0.321565 0.98698 0.132548 -0.242614 -0.788424 0.517973 0.844875 
-0.0646759 0.276975 0.873217 -0.834735 0.488854 -0.379015 -0.0510914 -0.938285 0.573162 -0.707789 
0.721711 -0.276829 0.188452 -0.0239355 0.96476 -0.17365 0.44387 -0.826899 0.383125 0.561091 
0.801403 -0.82893 0.609184 -0.570448 0.959877 0.0286084 -0.460129 -0.969925 0.331147 -0.283081 
0.539691 -0.626916 -0.619688 -0.966115 0.996012 -0.579621 0.460079 0.71081 0.077168 0.231994 
-0.0105048 0.883879 -0.724537 0.475189 -0.205697 0.211829 -0.772729 -0.719998 0.462289 -0.672712 
-0.798512 0.883675 0.524791 0.668043 0.0862095 0.411964 -0.133915 -0.897959 0.203163 -0.399738 
-0.43218 0.719308 0.398835 0.618823 0.0267467 -0.0180536 -0.951456 -0.672464 -0.674323 -0.179178 
0.253791 0.110012 -0.611395 0.859045 -0.906743 0.381292 0.595343 -0.611808 -0.302421 -0.350928 
0.455467 