1.09459 0.0320372 0.367939 1.3795 0.317044 -0.0189745 -0.191629 0.806446 0.399172 0.542833 
1.04949 -0.154507 0.274217 1.27783 0.374715 -0.111798 -0.280261 0.126169 0.283416 0.584764 
1.0994 -0.344646 0.213544 1.28889 0.461846 -0.208318 -0.38755 0.227586 0.199207 0.675381 
1.10451 -0.508836 0.155221 1.24518 0.523659 -0.287314 -0.469923 0.314864 0.115451 0.732208 
1.07885 -0.641865 0.104823 1.1658 0.563539 -0.348101 -0.529145 0.384853 0.038439 0.761607 
1.03647 -0.745053 0.0647888 1.06876 0.587214 -0.393126 -0.570094 0.437979 -0.0288368 0.772094 
0.988142 -0.823007 0.0352493 0.967254 0.600371 -0.425998 -0.598236 0.476534 -0.085914 0.771386 
0.9407 -0.881116 0.0150966 0.869341 0.607513 -0.45019 -0.618233 0.503346 -0.133732 0.76521 
0.897829 -0.924244 0.00277947 0.779096 0.611754 -0.468494 -0.633512 0.0845324 -0.17376 0.757286 
0.9092 -1.01236 -0.0034341 0.736813 0.649226 -0.509765 -0.682271 0.174002 -0.219034 0.791427 
0.905161 -1.07444 -0.00458771 0.68382 0.671899 -0.537111 -0.714588 0.250074 -0.255329 0.808414 
0.892002 -1.11603 -0.00157834 0.626463 0.684312 -0.554181 -0.73519 0.312471 -0.284083 0.813878 
0.874517 -1.14241 0.00465552 0.569103 0.690298 -0.564231 -0.74817 0.362217 -0.306923 0.812442 
0.855946 -1.15798 0.0132778 0.514362 0.692718 -0.569806 -0.756647 0.103156 -0.325339 0.807475 
0.866719 -1.20716 0.0244001 0.479213 0.716929 -0.592044 -0.78852 0.316667 -0.352032 0.828241 
0.854588 -1.21859 0.0361267 0.434316 0.720155 -0.595821 -0.796832 0.119469 -0.36642 0.825205 
0.863857 -1.25587 0.0498835 0.402287 0.73994 -0.612325 -0.823133 0.282708 -0.387774 0.84137 
0.856392 -1.26455 0.0632007 0.365015 0.743926 -0.614911 -0.831477 0.131611 -0.399416 0.839867 
0.864627 -1.29289 0.0781598 0.336334 0.760455 -0.627112 -0.85355 0.257077 -0.416701 0.852685 
0.860448 -1.29956 0.0920537 0.305032 0.765012 -0.628803 -0.861866 0.140498 -0.426387 0.852285 
0.86786 -1.32111 0.107242 0.27958 0.779069 -0.637718 -0.880623 0.237395 -0.440549 0.862587 
0.865944 -1.3262 0.121041 0.253024 0.783996 -0.638671 -0.88878 0.146813 -0.448784 0.86293 
0.872638 -1.34254 0.135825 0.23054 0.79613 -0.645039 -0.904868 0.221958 -0.460527 0.871296 
0.872246 -1.34636 0.149097 0.207812 0.801254 -0.64535 -0.912742 0.151078 -0.467648 0.872105 
0.878285 -1.35869 0.163086 0.187989 0.811858 -0.649718 -0.92664 0.209554 -0.4775 0.878954 
0.878892 -1.36145 0.175567 0.168394 0.817046 -0.649458 -0.934139 0.153699 -0.483741 0.880034 
0.884328 -1.37067 0.188545 0.150922 0.826412 -0.652239 -0.946217 0.199325 -0.4921 0.885679 
0.885566 -1.37255 0.20009 0.133921 0.831567 -0.651469 -0.953284 0.154992 -0.497629 0.886893 
0.890447 -1.37936 0.211956 0.11851 0.839914 -0.652979 -0.963836 0.190656 -0.504797 0.891572 
0.892059 -1.38053 0.222505 0.103678 0.844967 -0.651751 -0.970445 0.155208 -0.50974 0.892829 
0.896432 -1.38546 0.233239 0.0900652 0.852465 -0.652238 -0.979711 0.183108 -0.515947 0.896727 
0.898244 -1.38603 0.242788 0.0770624 0.857369 -0.650602 -0.985858 0.154546 -0.520398 0.897967 
0.902157 -1.3895 0.25242 0.0650158 0.864147 -0.650256 -0.994036 0.176364 -0.525824 0.901228 
0.90405 -1.38959 0.261002 0.0535669 0.86887 -0.648259 -0.999735 0.153165 -0.529855 0.902412 
0.907547 -1.39192 0.269594 0.0428834 0.875032 -0.647234 -1.00699 0.170196 -0.534639 0.90515 
0.909444 -1.39162 0.277265 0.0327629 0.879554 -0.644918 -1.01226 0.151191 -0.538308 0.906256 
0.912568 -1.39306 0.284894 0.0232668 0.88518 -0.643336 -1.01873 0.164435 -0.542556 0.908559 
0.914418 -1.39245 0.291723 0.0142888 0.889489 -0.64074 -1.02361 0.148725 -0.545911 0.909573 
0.917212 -1.39319 0.298476 0.00582878 0.894643 -0.638701 -1.0294 0.158961 -0.549708 0.911513 
0.918984 -1.39234 0.304536 -0.00216117 0.898733 -0.635862 -1.03392 0.145847 -0.552784 0.91243 
0.921484 -1.39254 0.3105 -0.00971475 0.903468 -0.633446 -1.03913 0.153684 -0.556198 0.914064 
0.923163 -1.39148 0.315866 -0.0168454 0.907336 -0.630398 -1.04332 0.142625 -0.559026 0.914882 
0.925403 -1.39126 0.321124 -0.0236035 0.911696 -0.627672 -1.04804 0.148539 -0.562112 0.916256 
0.92698 -1.39006 0.325868 -0.0299828 0.915343 -0.624445 -1.05192 0.139111 -0.564718 0.916975 
0.928992 -1.38951 0.330498 -0.0360403 0.919361 -0.621465 -1.05621 0.143479 -0.567517 0.918127 
0.930467 -1.38819 0.334686 -0.0417592 0.922791 -0.618088 -1.05981 0.13535 -0.569923 0.918751 
0.932279 -1.3874 0.33876 -0.047197 0.926499 -0.614901 -1.06373 0.138469 -0.572473 0.919711 
0.933654 -1.38599 0.342453 -0.0523323 0.929715 -0.6114 -1.06708 0.131378 -0.574696 0.920245 
0.935292 -1.385 0.346034 -0.0572196 0.933137 -0.608047 -1.07067 0.133484 -0.577026 0.92104 
0.936573 -1.38353 0.349288 -0.0618363 0.936148 -0.604445 -1.07379 0.127225 -0.579084 0.921487 
0.938059 -1.38239 0.352433 -0.0662324 0.939306 -0.60096 -1.07709 0.128509 -0.581218 0.922139 
0.939254 -1.38088 0.355295 -0.0703859 0.942117 -0.59728 -1.07999 0.122917 -0.583125 0.922506 
0.940608 -1.37964 0.358054 -0.0743418 0.945032 -0.593694 -1.08303 0.12353 -0.585085 0.923032 
0.941724 -1.37809 0.360567 -0.0780794 0.94765 -0.589954 -1.08574 0.118478 -0.586853 0.923325 
0.942965 -1.37677 0.362982 -0.0816387 0.950339 -0.586293 -1.08855 0.118541 -0.588657 0.923742 
0.944009 -1.37521 0.365184 -0.0850012 0.952773 -0.582512 -1.09107 0.113925 -0.590298 0.923967 
0.945153 -1.37384 0.367292 -0.0882018 0.955251 -0.578798 -1.09367 0.113538 -0.591961 0.924288 
0.946135 -1.37227 0.369214 -0.0912242 0.957509 -0.574994 -1.09602 0.109275 -0.593485 0.92445 
0.947195 -1.37086 0.371049 -0.0940987 0.959791 -0.571247 -1.09842 0.108519 -0.595022 0.924688 
0.948122 -1.3693 0.372718 -0.0968114 0.961882 -0.567434 -1.10061 0.104545 -0.59644 0.924794 
