-0.368357 -0.0572626 -0.82843 
-0.368451 -0.0576511 -0.828349 
-0.368529 -0.0577029 -0.828621 
-0.368589 -0.0574182 -0.829248 
-0.368633 -0.0567977 -0.830227 
-0.368659 -0.0558428 -0.831557 
-0.368668 -0.0545552 -0.833238 
-0.36866 -0.0529374 -0.835265 
-0.368636 -0.0509922 -0.837637 
-0.368593 -0.0487228 -0.840351 
-0.368534 -0.0461331 -0.843402 
-0.368458 -0.0432272 -0.846786 
-0.368365 -0.0400095 -0.850499 
-0.368254 -0.0364851 -0.854536 
-0.368127 -0.0326589 -0.858891 
-0.367983 -0.0285365 -0.856365 
-0.367821 -0.0241195 -0.854151 
-0.367643 -0.0194099 -0.852246 
-0.367448 -0.0144101 -0.850648 
-0.367236 -0.00912299 -0.849354 
-0.367008 -0.00355165 -0.848362 
-0.366762 0.00230041 -0.847667 
-0.3665 0.00842941 -0.847266 
-0.36622 0.0148313 -0.847154 
-0.365924 0.0215017 -0.847328 
-0.365612 0.0284361 -0.847782 
-0.365282 0.0356299 -0.848513 
-0.364936 0.043078 -0.849515 
-0.364573 0.0507754 -0.850782 
-0.364194 0.0587171 -0.852311 
-0.363797 0.0668976 -0.854095 
-0.363385 0.0753119 -0.856129 
-0.362955 0.0839543 -0.858408 
-0.36251 0.0928197 -0.860927 
-0.362047 0.101903 -0.863679 
-0.361568 0.111198 -0.86666 
-0.361073 0.1207 -0.869865 
-0.360561 0.130403 -0.873287 
-0.360033 0.140303 -0.876923 
-0.359489 0.150393 -0.880765 
-0.358928 0.16067 -0.88481 
-0.35835 0.171128 -0.889053 
-0.357757 0.181762 -0.893488 
-0.357147 0.192567 -0.89811 
-0.356521 0.203539 -0.902915 
-0.355878 0.214672 -0.901294 
-0.35522 0.225964 -0.899847 
-0.354545 0.237412 -0.898572 
-0.353854 0.249011 -0.897464 
-0.353147 0.260758 -0.896522 
-0.352424 0.272651 -0.89574 
-0.351685 0.284686 -0.895117 
-0.35093 0.29686 -0.894648 
-0.350159 0.30917 -0.894331 
-0.349372 0.321611 -0.894162 
-0.34857 0.334183 -0.894138 
-0.347752 0.34688 -0.894257 
-0.346918 0.359701 -0.894514 
-0.346068 0.372642 -0.894907 
-0.338678 0.385701 -0.895434 
-0.331272 0.398875 -0.896092 
-0.323848 0.412161 -0.89688 
-0.316406 0.425558 -0.897797 
-0.308944 0.439063 -0.898843 
-0.301461 0.452674 -0.900014 
-0.293957 0.466389 -0.901311 
-0.28643 0.480206 -0.902733 
-0.27888 0.494123 -0.904278 
-0.271304 0.494815 -0.905945 
-0.263704 0.495607 -0.907737 
-0.256077 0.496498 -0.909654 
-0.248424 0.497489 -0.911699 
-0.240744 0.498583 -0.913872 
-0.233036 0.499779 -0.916175 
-0.225301 0.501078 -0.918609 
-0.217538 0.502482 -0.921175 
-0.209747 0.503992 -0.923875 
-0.201927 0.505607 -0.92671 
-0.194078 0.50733 -0.929681 
-0.186201 0.50916 -0.932789 
-0.178294 0.5111 -0.936034 
-0.170359 0.513148 -0.939418 
-0.162394 0.515307 -0.942941 
-0.154401 0.517577 -0.946604 
-0.146378 0.519958 -0.950407 
-0.138328 0.522452 -0.954351 
-0.130249 0.525059 -0.958436 
-0.122142 0.527779 -0.962662 
-0.114009 0.530614 -0.960368 
-0.105848 0.533565 -0.958216 
-0.0976607 0.536632 -0.956208 
-0.089447 0.539817 -0.954344 
-0.0812075 0.543122 -0.952625 
-0.0729426 0.546547 -0.951052 
-0.0646529 0.550094 -0.949625 
-0.0563391 0.553763 -0.948345 
-0.0480018 0.557557 -0.947213 
-0.0396418 0.561476 -0.946229 
-0.0312599 0.565521 -0.945393 
-0.0228571 0.569694 -0.944705 
-0.0144342 0.573995 -0.944166 
-0.00599244 0.578426 -0.943776 
0.00246718 0.582988 -0.943534 
0.0109435 0.587682 -0.943441 
0.0194351 0.592508 -0.943497 
0.0279409 0.597469 -0.9437 
0.0364593 0.602565 -0.944051 
0.044989 0.607797 -0.94455 
0.0535284 0.613166 -0.945195 
0.0620759 0.618673 -0.945987 
0.07063 0.62432 -0.946924 
0.0791888 0.630106 -0.948007 
0.0877507 0.636034 -0.949233 
0.0963139 0.642104 -0.950603 
0.104877 0.648316 -0.952115 
0.113437 0.654673 -0.953769 
0.121993 0.661174 -0.955563 
0.130542 0.667821 -0.957496 
0.139083 0.674614 -0.959567 
0.147614 0.681554 -0.961775 
0.156133 0.688642 -0.964119 
0.164637 0.695879 -0.966597 
0.173125 0.703265 -0.969208 
0.181595 0.710802 -0.971951 
0.190044 0.718488 -0.974824 
0.198471 0.726326 -0.977826 
0.206874 0.734316 -0.980955 
0.21525 0.742458 -0.98421 
0.223598 0.750752 -0.987589 
0.231915 0.7592 -0.991091 
0.240201 0.7678 -0.988281 
0.248453 0.776555 -0.985592 
0.25667 0.785464 -0.983023 
0.264851 0.794528 -0.980572 
0.272994 0.803747 -0.978239 
0.281098 0.813123 -0.976023 
0.289163 0.822654 -0.973922 
0.297186 0.832342 -0.971937 
0.305166 0.842185 -0.970066 
0.313104 0.852186 -0.968308 
0.320997 0.862342 -0.966662 
0.328845 0.872654 -0.965126 
0.336647 0.883122 -0.963701 
0.344403 0.893745 -0.962384 
0.352112 0.904523 -0.961175 
0.359773 0.915455 -0.960072 
0.367386 0.92654 -0.959074 
0.37495 0.937778 -0.958181 
0.382466 0.949168 -0.957391 
0.389933 0.960708 -0.956702 
0.389171 0.972399 -0.956115 
0.388356 0.984243 -0.955628 
0.387485 0.996244 -0.955242 
0.386554 0.983324 -0.954957 
0.385561 0.970569 -0.954774 
0.384501 0.957984 -0.954696 
0.383371 0.945575 -0.954722 
0.382168 0.933345 -0.954856 
0.380888 0.921301 -0.955097 
0.379527 0.909446 -0.955447 
0.378081 0.897787 -0.955908 
0.376547 0.886328 -0.956481 
0.37492 0.875074 -0.957167 
0.373196 0.864032 -0.957967 
0.371372 0.853206 -0.958883 
0.369444 0.842601 -0.959916 
0.367407 0.832222 -0.961066 
0.365258 0.822075 -0.962336 
0.362994 0.812164 -0.963727 
0.360609 0.802494 -0.965238 
0.358102 0.79307 -0.966872 
0.355468 0.783895 -0.96863 
0.352706 0.774974 -0.970512 
0.349812 0.76631 -0.97252 
0.346783 0.757906 -0.974654 
0.343618 0.749766 -0.976915 
0.340316 0.741893 -0.979305 
0.336874 0.734287 -0.981823 
0.333292 0.726951 -0.984472 
0.32957 0.719885 -0.98725 
0.325708 0.713091 -0.99016 
0.321706 0.706569 -0.993201 
0.317566 0.700317 -0.996375 
0.313288 0.694335 -0.999682 
0.308875 0.688622 -0.996442 
0.304329 0.683176 -0.993337 
0.299654 0.677995 -0.990368 
0.294854 0.673078 -0.987536 
0.289932 0.66842 -0.984843 
0.284892 0.66402 -0.98229 
0.27974 0.659873 -0.979877 
0.274479 0.655977 -0.977607 
0.269116 0.652326 -0.97548 
0.263655 0.648918 -0.973497 
0.258101 0.645747 -0.971659 
0.25246 0.64281 -0.969967 
0.246737 0.640101 -0.968422 
0.240939 0.637616 -0.967024 
0.235069 0.63535 -0.965775 
0.229133 0.633298 -0.964675 
0.223138 0.631457 -0.963724 
0.217087 0.62982 -0.962923 
0.210986 0.628384 -0.962273 
0.20484 0.627143 -0.961772 
0.198653 0.626093 -0.961423 
0.192431 0.625231 -0.961224 
0.186177 0.62455 -0.961176 
0.179896 0.624048 -0.961279 
0.173591 0.623719 -0.961533 
0.167268 0.623561 -0.961938 
0.160928 0.623568 -0.962492 
0.154577 0.623738 -0.963196 
0.148216 0.624065 -0.96405 
0.14185 0.624547 -0.965052 
0.13548 0.625181 -0.966203 
0.12911 0.625962 -0.9675 
0.122743 0.626887 -0.968945 
0.11638 0.627954 -0.970535 
0.110024 0.629158 -0.97227 
0.103676 0.630498 -0.974149 
0.0973397 0.631969 -0.97617 
0.0910155 0.63357 -0.978333 
0.0847053 0.635296 -0.980636 
0.0784106 0.637147 -0.983078 
0.0721326 0.639118 -0.985658 
0.0658726 0.641208 -0.988374 
0.0596316 0.643413 -0.991225 
0.0534105 0.645732 -0.994209 
0.0472103 0.648162 -0.997325 
0.0410316 0.6507 -0.993958 
0.0348755 0.653346 -0.99072 
0.0287427 0.656096 -0.987611 
0.0226339 0.658951 -0.984629 
0.0165497 0.661907 -0.981774 
0.0104907 0.664963 -0.979045 
0.00445731 0.668118 -0.976439 
-0.0015502 0.671371 -0.973957 
-0.00753155 0.674719 -0.971597 
-0.0133213 0.678161 -0.969357 
-0.0190837 0.681698 -0.967238 
-0.0248179 0.685327 -0.965241 
-0.0305229 0.68905 -0.963367 
-0.0361975 0.692865 -0.961615 
-0.0418409 0.696773 -0.959986 
-0.047452 0.700771 -0.958482 
-0.0530296 0.704861 -0.957101 
-0.0585728 0.709041 -0.955846 
-0.0640804 0.713311 -0.954716 
-0.0695514 0.71767 -0.953711 
-0.0749847 0.722117 -0.952832 
-0.0803791 0.726652 -0.95208 
-0.0857334 0.731273 -0.951455 
-0.0910467 0.735981 -0.950957 
-0.0963178 0.720455 -0.950587 
-0.101546 0.705016 -0.950346 
-0.106731 0.689665 -0.950238 
-0.111872 0.674405 -0.950263 
-0.116969 0.659236 -0.950423 
-0.122022 0.64416 -0.950722 
-0.127029 0.629179 -0.951161 
-0.13199 0.614295 -0.951742 
-0.136905 0.599509 -0.952467 
-0.141774 0.584822 -0.953339 
-0.146596 0.570237 -0.954358 
-0.151371 0.555755 -0.955529 
-0.156098 0.541378 -0.956851 
-0.160778 0.527108 -0.958328 
-0.165409 0.512946 -0.959961 
-0.169992 0.498893 -0.961753 
-0.174526 0.484952 -0.963704 
-0.179011 0.471124 -0.965818 
-0.183447 0.457412 -0.968097 
-0.187833 0.443816 -0.970541 
-0.192171 0.430338 -0.973152 
-0.196458 0.41698 -0.975933 
-0.200696 0.403743 -0.978886 
-0.204885 0.39063 -0.974588 
-0.209023 0.377642 -0.970467 
-0.21311 0.364782 -0.966523 
-0.217146 0.352052 -0.962762 
-0.22113 0.339455 -0.959184 
-0.225062 0.326993 -0.955794 
-0.228942 0.314668 -0.952594 
-0.232768 0.302482 -0.949586 
-0.236542 0.290439 -0.946774 
-0.240261 0.278541 -0.94416 
-0.243927 0.26679 -0.941747 
-0.247539 0.255188 -0.939538 
-0.251097 0.243738 -0.937534 
-0.2546 0.232442 -0.93574 
-0.258049 0.221303 -0.934156 
-0.261443 0.210323 -0.932786 
-0.264783 0.199505 -0.931631 
-0.268069 0.18885 -0.930695 
-0.2713 0.178361 -0.929979 
-0.274476 0.16804 -0.929486 
-0.277598 0.157889 -0.929217 
-0.280666 0.147911 -0.929175 
-0.283681 0.138107 -0.929362 
-0.286642 0.128481 -0.929778 
