0.894243 0.0756938 0.253594 1.46489 0.270575 -0.187874 0.0541422 1.21897 0.93432 0.186008 
0.781228 -0.0961818 0.0284856 1.54327 0.278808 -0.34549 -0.0341312 -1.61168 0.83241 0.0790162 
0.743478 -0.263586 -0.16922 1.73768 0.310927 -0.523417 -0.118065 -1.14066 0.809231 -0.0151052 
0.681707 -0.408181 -0.329835 1.83429 0.328318 -0.664392 -0.187792 -0.668348 0.757916 -0.100108 
0.608639 -0.522817 -0.449652 1.85325 0.334288 -0.769181 -0.242153 -0.235039 0.691459 -0.172417 
0.534389 -0.607111 -0.532641 1.81981 0.332803 -0.84406 -0.282798 0.138827 0.620722 -0.231763 
0.465268 -0.664547 -0.586136 1.75616 0.327266 -0.896892 -0.312554 0.448602 0.55285 -0.279768 
0.404339 -0.699985 -0.617764 1.67848 0.320091 -0.934758 -0.334285 0.698837 0.491614 -0.318699 
0.352499 -0.718196 -0.634 1.59711 0.312774 -0.963089 -0.350369 -1.03472 0.438428 -0.350738 
0.32643 -0.767351 -0.67535 1.6023 0.323109 -1.04043 -0.382728 -0.608799 0.415101 -0.398678 
0.299033 -0.794662 -0.69392 1.57239 0.326695 -1.09098 -0.403882 -0.229163 0.387997 -0.434505 
0.272746 -0.80433 -0.696176 1.52091 0.325865 -1.12209 -0.41667 0.0972534 0.360217 -0.46091 
0.249017 -0.800543 -0.687723 1.45831 0.322496 -1.14024 -0.423637 0.3711 0.333771 -0.480483 
0.228527 -0.786901 -0.672878 1.39183 0.317927 -1.15042 -0.426789 -0.711827 0.309766 -0.495369 
0.21845 -0.794109 -0.676794 1.3707 0.323571 -1.19515 -0.441989 0.239488 0.298347 -0.524291 
0.205114 -0.775627 -0.659757 1.31274 0.32003 -1.20339 -0.443055 -0.583954 0.281098 -0.536283 
0.198933 -0.772235 -0.656881 1.28678 0.323976 -1.23806 -0.453218 0.143088 0.272445 -0.559424 
0.190771 -0.75075 -0.639845 1.23624 0.321182 -1.24519 -0.452779 -0.486673 0.260063 -0.56946 
0.187664 -0.740076 -0.633502 1.20844 0.323876 -1.27237 -0.459097 0.0722949 0.25367 -0.588191 
0.18326 -0.716767 -0.617669 1.16417 0.32158 -1.27871 -0.457455 -0.412139 0.244808 -0.596799 
0.182514 -0.701189 -0.609981 1.13621 0.323315 -1.3002 -0.460782 0.0201725 0.240201 -0.61212 
0.180846 -0.676864 -0.595983 1.09719 0.321324 -1.30585 -0.458119 -0.354542 0.233909 -0.619614 
0.181877 -0.658089 -0.588271 1.07001 0.322302 -1.32295 -0.459086 -0.0182592 0.230691 -0.632262 
0.182203 -0.633318 -0.576401 1.0354 0.320478 -1.32795 -0.455534 -0.309614 0.226291 -0.638846 
0.184548 -0.612569 -0.569451 1.00948 0.320849 -1.34161 -0.454627 -0.0465844 0.224147 -0.649376 
0.186321 -0.587764 -0.559793 0.978575 0.319098 -1.34597 -0.450304 -0.274221 0.221152 -0.65519 
0.189617 -0.565912 -0.554038 0.954143 0.318974 -1.35689 -0.447906 -0.0673999 0.219836 -0.664023 
0.192428 -0.541369 -0.546549 0.926382 0.317234 -1.36065 -0.442921 -0.246052 0.217895 -0.669175 
0.196396 -0.51903 -0.542192 0.903498 0.316705 -1.36938 -0.439341 -0.0826009 0.217217 -0.676635 
0.199939 -0.494955 -0.53675 0.878413 0.314937 -1.37254 -0.433803 -0.223392 0.216072 -0.681209 
0.204361 -0.472558 -0.533844 0.857047 0.314072 -1.37949 -0.429294 -0.0935811 0.215886 -0.687549 
0.208405 -0.449092 -0.53028 0.834251 0.312253 -1.38209 -0.423306 -0.204959 0.215346 -0.691614 
0.213116 -0.426931 -0.528785 0.814323 0.31111 -1.38757 -0.41808 -0.101373 0.215541 -0.69703 
0.217487 -0.404163 -0.52691 0.793487 0.309228 -1.38965 -0.411738 -0.189792 0.215463 -0.700644 
0.22236 -0.382435 -0.526731 0.77489 0.307854 -1.39392 -0.405968 -0.106746 0.215952 -0.705292 
0.226926 -0.360418 -0.526349 0.755741 0.305904 -1.3955 -0.399363 -0.177162 0.216228 -0.708505 
0.231866 -0.339248 -0.527361 0.738357 0.304336 -1.39876 -0.393195 -0.110278 0.216945 -0.712508 
0.236527 -0.318006 -0.528278 0.720662 0.302319 -1.39988 -0.386408 -0.166516 0.217493 -0.715362 
0.241463 -0.297471 -0.530342 0.704372 0.300589 -1.40227 -0.379963 -0.112403 0.218386 -0.718819 
0.246144 -0.27701 -0.532374 0.687934 0.298507 -1.40296 -0.373065 -0.157431 0.219143 -0.721351 
0.251024 -0.257151 -0.535349 0.672624 0.296642 -1.40462 -0.366443 -0.11345 0.220169 -0.724342 
0.25567 -0.237462 -0.538326 0.657274 0.294499 -1.4049 -0.359497 -0.14958 0.221086 -0.726584 
0.260455 -0.218295 -0.542075 0.642839 0.292522 -1.40593 -0.352781 -0.113671 0.222214 -0.729173 
0.265026 -0.199359 -0.545841 0.628435 0.290325 -1.40584 -0.34584 -0.142712 0.223252 -0.731153 
0.26969 -0.180886 -0.550236 0.614779 0.288253 -1.40632 -0.339097 -0.113257 0.224457 -0.733394 
0.274158 -0.162679 -0.554652 0.601199 0.286008 -1.40589 -0.332207 -0.136631 0.225585 -0.735136 
0.278682 -0.144888 -0.559577 0.588236 0.283859 -1.40589 -0.325492 -0.112356 0.226844 -0.737074 
0.283028 -0.127383 -0.564518 0.575378 0.281573 -1.40515 -0.31869 -0.131183 0.22804 -0.7386 
0.287403 -0.110255 -0.569868 0.563033 0.27936 -1.40472 -0.312047 -0.11108 0.229337 -0.740272 
0.291614 -0.0934236 -0.575225 0.550808 0.277038 -1.40369 -0.305363 -0.126248 0.230579 -0.741602 
0.295833 -0.0769371 -0.580907 0.539014 0.274775 -1.40289 -0.298828 -0.109517 0.231899 -0.743037 
0.299902 -0.0607479 -0.586584 0.527349 0.272424 -1.40159 -0.292287 -0.121732 0.233173 -0.744189 
0.303964 -0.0448781 -0.592516 0.516049 0.270119 -1.40047 -0.285887 -0.107735 0.234506 -0.745416 
0.30789 -0.0293016 -0.598431 0.504881 0.267747 -1.39893 -0.279509 -0.11756 0.235797 -0.746406 
0.311796 -0.0140227 -0.604542 0.494025 0.26541 -1.39751 -0.273265 -0.105787 0.237133 -0.747447 
0.315578 0.000970161 -0.610625 0.483301 0.263021 -1.39575 -0.267064 -0.113672 0.238431 -0.748289 
0.319334 0.015684 -0.616853 0.472848 0.260661 -1.39408 -0.260993 -0.103715 0.239763 -0.749165 
0.322975 0.0301211 -0.623041 0.462523 0.25826 -1.39213 -0.25498 -0.110021 0.241059 -0.749872 
0.326584 0.0442955 -0.629334 0.452436 0.255884 -1.39023 -0.249093 -0.10155 0.242379 -0.7506 
0.33009 0.0582036 -0.635578 0.442474 0.253477 -1.3881 -0.243277 -0.106568 0.243665 -0.751184 
