-6.960888016297817060e-01
-6.962535892087012845e-01
-6.964183767876208631e-01
-6.965831643665404416e-01
-6.967479519454600201e-01
-6.969127395243795986e-01
-6.970775271032991771e-01
-6.972423146822187556e-01
-6.974071022611383341e-01
-6.975718898400579127e-01
-6.977366774189774912e-01
-6.979014649978970697e-01
-6.980662525768166482e-01
-6.982310401557362267e-01
-6.983958277346558052e-01
-6.985606153135753837e-01
-6.987254028924949623e-01
-6.988901904714145408e-01
-6.990549780503341193e-01
-6.992197656292536978e-01
-6.993845532081732763e-01
-6.995493407870928548e-01
-6.997141283660124333e-01
-6.998789159449320119e-01
-7.000437035238515904e-01
-7.002084911027711689e-01
-7.003732786816907474e-01
-7.005380662606103259e-01
-7.007028538395299044e-01
-7.008676414184494829e-01
-7.010324289973690615e-01
-7.011972165762886400e-01
-7.013620041552082185e-01
-7.015267917341277970e-01
-7.016915793130473755e-01
-7.018563668919669540e-01
-7.020211544708865326e-01
-7.021859420498061111e-01
-7.023507296287256896e-01
-7.025155172076452681e-01
-7.026803047865648466e-01
-7.028450923654844251e-01
-7.030098799444040036e-01
-7.031746675233235822e-01
-7.033394551022431607e-01
-7.035042426811627392e-01
-7.036690302600823177e-01
-7.038338178390018962e-01
-7.039986054179214747e-01
-7.041633929968410532e-01
-7.043281805757606318e-01
-7.044929681546802103e-01
-7.046577557335997888e-01
-7.048225433125193673e-01
-7.049873308914389458e-01
-7.051521184703585243e-01
-7.053169060492781028e-01
-7.054816936281976814e-01
-7.056464812071172599e-01
-7.058112687860368384e-01
-7.059760563649564169e-01
-7.061408439438759954e-01
-7.063056315227955739e-01
-7.064704191017151524e-01
-7.066352066806347310e-01
-7.067999942595543095e-01
-7.069647818384738880e-01
-7.071295694173934665e-01
-7.072943569963130450e-01
-7.074591445752326235e-01
-7.076239321541522020e-01
-7.077887197330717806e-01
-7.079535073119913591e-01
-7.081182948909109376e-01
-7.082830824698305161e-01
-7.084478700487500946e-01
-7.086126576276696731e-01
-7.087774452065892516e-01
-7.089422327855088302e-01
-7.091070203644284087e-01
-7.092718079433479872e-01
-7.094365955222675657e-01
-7.096013831011871442e-01
-7.097661706801067227e-01
-7.099309582590263012e-01
-7.100957458379458798e-01
-7.102605334168654583e-01
-7.104253209957850368e-01
-7.105901085747046153e-01
-7.107548961536241938e-01
-7.109196837325437723e-01
-7.110844713114633509e-01
-7.112492588903829294e-01
-7.114140464693025079e-01
-7.115788340482220864e-01
-7.117436216271416649e-01
-7.119084092060612434e-01
-7.120731967849808219e-01
-7.122379843639004005e-01
-7.124027719428199790e-01
4.997331998732201241e-01
4.998448820349919997e-01
4.999565641967638752e-01
5.000682463585357507e-01
5.001799285203075707e-01
5.002916106820793907e-01
5.004032928438512107e-01
5.005149750056230307e-01
5.006266571673948507e-01
5.007383393291666707e-01
5.008500214909384907e-01
5.009617036527103107e-01
5.010733858144821307e-01
5.011850679762539507e-01
5.012967501380257707e-01
5.014084322997975907e-01
5.015201144615694107e-01
5.016317966233412307e-01
5.017434787851130507e-01
5.018551609468848707e-01
5.019668431086566907e-01
5.020785252704285107e-01
5.021902074322003307e-01
5.023018895939721506e-01
5.024135717557439706e-01
5.025252539175157906e-01
5.026369360792876106e-01
5.027486182410594306e-01
5.028603004028312506e-01
5.029719825646030706e-01
5.030836647263748906e-01
5.031953468881467106e-01
5.033070290499185306e-01
5.034187112116903506e-01
5.035303933734621706e-01
5.036420755352339906e-01
5.037537576970058106e-01
5.038654398587776306e-01
5.039771220205494506e-01
5.040888041823212706e-01
5.042004863440930906e-01
5.043121685058649106e-01
5.044238506676367306e-01
5.045355328294085506e-01
5.046472149911803706e-01
5.047588971529521906e-01
5.048705793147240106e-01
5.049822614764958306e-01
5.050939436382676506e-01
5.052056258000394706e-01
5.053173079618112906e-01
5.054289901235831106e-01
5.055406722853549306e-01
5.056523544471267506e-01
5.057640366088985706e-01
5.058757187706703906e-01
5.059874009324422106e-01
5.060990830942140306e-01
5.062107652559858506e-01
5.063224474177576706e-01
5.064341295795294906e-01
5.065458117413013106e-01
5.066574939030731306e-01
5.067691760648449506e-01
5.068808582266167706e-01
5.069925403883885906e-01
5.071042225501604106e-01
5.072159047119322306e-01
5.073275868737040506e-01
5.074392690354758706e-01
5.075509511972476906e-01
5.076626333590195106e-01
5.077743155207913306e-01
5.078859976825631506e-01
5.079976798443349706e-01
5.081093620061067906e-01
5.082210441678786106e-01
5.083327263296504306e-01
5.084444084914222506e-01
5.085560906531940706e-01
5.086677728149658906e-01
5.087794549767377106e-01
5.088911371385095306e-01
5.090028193002813506e-01
5.091145014620531706e-01
5.092261836238249906e-01
5.093378657855968106e-01
5.094495479473686306e-01
5.095612301091404506e-01
5.096729122709122706e-01
5.097845944326840906e-01
5.098962765944559106e-01
5.100079587562277306e-01
5.101196409179995506e-01
5.102313230797713706e-01
5.103430052415431906e-01
5.104546874033150106e-01
5.105663695650868306e-01
5.106780517268586506e-01
5.107897338886304706e-01
3.186788172443006939e-01
3.187863658597905325e-01
3.188939144752803712e-01
3.190014630907702098e-01
3.191090117062600484e-01
3.192165603217498870e-01
3.193241089372397257e-01
3.194316575527295643e-01
3.195392061682194029e-01
3.196467547837092416e-01
3.197543033991990802e-01
3.198618520146889188e-01
3.199694006301787574e-01
3.200769492456685961e-01
3.201844978611584347e-01
3.202920464766482733e-01
3.203995950921381120e-01
3.205071437076279506e-01
3.206146923231177892e-01
3.207222409386076278e-01
3.208297895540974665e-01
3.209373381695873051e-01
3.210448867850771437e-01
3.211524354005669823e-01
3.212599840160568210e-01
3.213675326315466596e-01
3.214750812470364982e-01
3.215826298625263369e-01
3.216901784780161755e-01
3.217977270935060141e-01
3.219052757089958527e-01
3.220128243244856914e-01
3.221203729399755300e-01
3.222279215554653686e-01
3.223354701709552073e-01
3.224430187864450459e-01
3.225505674019348845e-01
3.226581160174247231e-01
3.227656646329145618e-01
3.228732132484044004e-01
3.229807618638942390e-01
3.230883104793840777e-01
3.231958590948739163e-01
3.233034077103637549e-01
3.234109563258535935e-01
3.235185049413434322e-01
3.236260535568332708e-01
3.237336021723231094e-01
3.238411507878129481e-01
3.239486994033027867e-01
3.240562480187926253e-01
3.241637966342824639e-01
3.242713452497723026e-01
3.243788938652621412e-01
3.244864424807519798e-01
3.245939910962418185e-01
3.247015397117316571e-01
3.248090883272214957e-01
3.249166369427113343e-01
3.250241855582011730e-01
3.251317341736910116e-01
3.252392827891808502e-01
3.253468314046706888e-01
3.254543800201605275e-01
3.255619286356503661e-01
3.256694772511402047e-01
3.257770258666300434e-01
3.258845744821198820e-01
3.259921230976097206e-01
3.260996717130995592e-01
3.262072203285893979e-01
3.263147689440792365e-01
3.264223175595690751e-01
3.265298661750589138e-01
3.266374147905487524e-01
3.267449634060385910e-01
3.268525120215284296e-01
3.269600606370182683e-01
3.270676092525081069e-01
3.271751578679979455e-01
3.272827064834877842e-01
3.273902550989776228e-01
3.274978037144674614e-01
3.276053523299573000e-01
3.277129009454471387e-01
3.278204495609369773e-01
3.279279981764268159e-01
3.280355467919166546e-01
3.281430954074064932e-01
3.282506440228963318e-01
3.283581926383861704e-01
3.284657412538760091e-01
3.285732898693658477e-01
3.286808384848556863e-01
3.287883871003455249e-01
3.288959357158353636e-01
3.290034843313252022e-01
3.291110329468150408e-01
3.292185815623048795e-01
3.293261301777947181e-01
6.584804611496726245e-01
6.585508427799855458e-01
6.586212244102984670e-01
6.586916060406113882e-01
6.587619876709243094e-01
6.588323693012372306e-01
6.589027509315501518e-01
6.589731325618630731e-01
6.590435141921759943e-01
6.591138958224889155e-01
6.591842774528018367e-01
6.592546590831147579e-01
6.593250407134276792e-01
6.593954223437406004e-01
6.594658039740535216e-01
6.595361856043664428e-01
6.596065672346793640e-01
6.596769488649922852e-01
6.597473304953052065e-01
6.598177121256181277e-01
6.598880937559310489e-01
6.599584753862439701e-01
6.600288570165568913e-01
6.600992386468698125e-01
6.601696202771827338e-01
6.602400019074956550e-01
6.603103835378085762e-01
6.603807651681214974e-01
6.604511467984344186e-01
6.605215284287473398e-01
6.605919100590602611e-01
6.606622916893731823e-01
6.607326733196861035e-01
6.608030549499990247e-01
6.608734365803119459e-01
6.609438182106248671e-01
6.610141998409377884e-01
6.610845814712507096e-01
6.611549631015636308e-01
6.612253447318765520e-01
6.612957263621894732e-01
6.613661079925023945e-01
6.614364896228153157e-01
6.615068712531282369e-01
6.615772528834411581e-01
6.616476345137540793e-01
6.617180161440670005e-01
6.617883977743799218e-01
6.618587794046928430e-01
6.619291610350057642e-01
6.619995426653186854e-01
6.620699242956316066e-01
6.621403059259445278e-01
6.622106875562574491e-01
6.622810691865703703e-01
6.623514508168832915e-01
6.624218324471962127e-01
6.624922140775091339e-01
6.625625957078220551e-01
6.626329773381349764e-01
6.627033589684478976e-01
6.627737405987608188e-01
6.628441222290737400e-01
6.629145038593866612e-01
6.629848854896995825e-01
6.630552671200125037e-01
6.631256487503254249e-01
6.631960303806383461e-01
6.632664120109512673e-01
6.633367936412641885e-01
6.634071752715771098e-01
6.634775569018900310e-01
6.635479385322029522e-01
6.636183201625158734e-01
6.636887017928287946e-01
6.637590834231417158e-01
6.638294650534546371e-01
6.638998466837675583e-01
6.639702283140804795e-01
6.640406099443934007e-01
6.641109915747063219e-01
6.641813732050192431e-01
6.642517548353321644e-01
6.643221364656450856e-01
6.643925180959580068e-01
6.644628997262709280e-01
6.645332813565838492e-01
6.646036629868967704e-01
6.646740446172096917e-01
6.647444262475226129e-01
6.648148078778355341e-01
6.648851895081484553e-01
6.649555711384613765e-01
6.650259527687742978e-01
6.650963343990872190e-01
6.651667160294001402e-01
6.652370976597130614e-01
6.653074792900259826e-01
6.653778609203389038e-01
6.654482425506518251e-01
-2.631611943017135857e-01
-2.631229669197810428e-01
-2.630847395378484999e-01
-2.630465121559159569e-01
-2.630082847739834140e-01
-2.629700573920508710e-01
-2.629318300101183281e-01
-2.628936026281857852e-01
-2.628553752462532422e-01
-2.628171478643206993e-01
-2.627789204823881564e-01
-2.627406931004556134e-01
-2.627024657185230705e-01
-2.626642383365905276e-01
-2.626260109546579846e-01
-2.625877835727254417e-01
-2.625495561907928987e-01
-2.625113288088603558e-01
-2.624731014269278129e-01
-2.624348740449952699e-01
-2.623966466630627270e-01
-2.623584192811301841e-01
-2.623201918991976411e-01
-2.622819645172650982e-01
-2.622437371353325553e-01
-2.622055097534000123e-01
-2.621672823714674694e-01
-2.621290549895349264e-01
-2.620908276076023835e-01
-2.620526002256698406e-01
-2.620143728437372976e-01
-2.619761454618047547e-01
-2.619379180798722118e-01
-2.618996906979396688e-01
-2.618614633160071259e-01
-2.618232359340745830e-01
-2.617850085521420400e-01
-2.617467811702094971e-01
-2.617085537882769541e-01
-2.616703264063444112e-01
-2.616320990244118683e-01
-2.615938716424793253e-01
-2.615556442605467824e-01
-2.615174168786142395e-01
-2.614791894966816965e-01
-2.614409621147491536e-01
-2.614027347328166107e-01
-2.613645073508840677e-01
-2.613262799689515248e-01
-2.612880525870189818e-01
-2.612498252050864389e-01
-2.612115978231538960e-01
-2.611733704412213530e-01
-2.611351430592888101e-01
-2.610969156773562672e-01
-2.610586882954237242e-01
-2.610204609134911813e-01
-2.609822335315586384e-01
-2.609440061496260954e-01
-2.609057787676935525e-01
-2.608675513857610095e-01
-2.608293240038284666e-01
-2.607910966218959237e-01
-2.607528692399633807e-01
-2.607146418580308378e-01
-2.606764144760982949e-01
-2.606381870941657519e-01
-2.605999597122332090e-01
-2.605617323303006660e-01
-2.605235049483681231e-01
-2.604852775664355802e-01
-2.604470501845030372e-01
-2.604088228025704943e-01
-2.603705954206379514e-01
-2.603323680387054084e-01
-2.602941406567728655e-01
-2.602559132748403226e-01
-2.602176858929077796e-01
-2.601794585109752367e-01
-2.601412311290426937e-01
-2.601030037471101508e-01
-2.600647763651776079e-01
-2.600265489832450649e-01
-2.599883216013125220e-01
-2.599500942193799791e-01
-2.599118668374474361e-01
-2.598736394555148932e-01
-2.598354120735823503e-01
-2.597971846916498073e-01
-2.597589573097172644e-01
-2.597207299277847214e-01
-2.596825025458521785e-01
-2.596442751639196356e-01
-2.596060477819870926e-01
-2.595678204000545497e-01
-2.595295930181220068e-01
-2.594913656361894638e-01
-2.594531382542569209e-01
-2.594149108723243780e-01
-2.593766834903918350e-01
