-4.324894162224276473e-01
-4.325117660223209981e-01
-4.325341158222143489e-01
-4.325564656221076998e-01
-4.325788154220010506e-01
-4.326011652218944015e-01
-4.326235150217877523e-01
-4.326458648216811032e-01
-4.326682146215744540e-01
-4.326905644214678048e-01
-4.327129142213611557e-01
-4.327352640212545065e-01
-4.327576138211478574e-01
-4.327799636210412082e-01
-4.328023134209345590e-01
-4.328246632208279099e-01
-4.328470130207212607e-01
-4.328693628206146116e-01
-4.328917126205079624e-01
-4.329140624204013132e-01
-4.329364122202946641e-01
-4.329587620201880149e-01
-4.329811118200813658e-01
-4.330034616199747166e-01
-4.330258114198680675e-01
-4.330481612197614183e-01
-4.330705110196547691e-01
-4.330928608195481200e-01
-4.331152106194414708e-01
-4.331375604193348217e-01
-4.331599102192281725e-01
-4.331822600191215233e-01
-4.332046098190148742e-01
-4.332269596189082250e-01
-4.332493094188015759e-01
-4.332716592186949267e-01
-4.332940090185882775e-01
-4.333163588184816284e-01
-4.333387086183749792e-01
-4.333610584182683301e-01
-4.333834082181616809e-01
-4.334057580180550318e-01
-4.334281078179483826e-01
-4.334504576178417334e-01
-4.334728074177350843e-01
-4.334951572176284351e-01
-4.335175070175217860e-01
-4.335398568174151368e-01
-4.335622066173084876e-01
-4.335845564172018385e-01
-4.336069062170951893e-01
-4.336292560169885402e-01
-4.336516058168818910e-01
-4.336739556167752419e-01
-4.336963054166685927e-01
-4.337186552165619435e-01
-4.337410050164552944e-01
-4.337633548163486452e-01
-4.337857046162419961e-01
-4.338080544161353469e-01
-4.338304042160286977e-01
-4.338527540159220486e-01
-4.338751038158153994e-01
-4.338974536157087503e-01
-4.339198034156021011e-01
-4.339421532154954519e-01
-4.339645030153888028e-01
-4.339868528152821536e-01
-4.340092026151755045e-01
-4.340315524150688553e-01
-4.340539022149622062e-01
-4.340762520148555570e-01
-4.340986018147489078e-01
-4.341209516146422587e-01
-4.341433014145356095e-01
-4.341656512144289604e-01
-4.341880010143223112e-01
-4.342103508142156620e-01
-4.342327006141090129e-01
-4.342550504140023637e-01
-4.342774002138957146e-01
-4.342997500137890654e-01
-4.343220998136824162e-01
-4.343444496135757671e-01
-4.343667994134691179e-01
-4.343891492133624688e-01
-4.344114990132558196e-01
-4.344338488131491705e-01
-4.344561986130425213e-01
-4.344785484129358721e-01
-4.345008982128292230e-01
-4.345232480127225738e-01
-4.345455978126159247e-01
-4.345679476125092755e-01
-4.345902974124026263e-01
-4.346126472122959772e-01
-4.346349970121893280e-01
-4.346573468120826789e-01
-4.346796966119760297e-01
-4.347020464118693805e-01
-6.519445899165829394e-02
-6.522807104958554258e-02
-6.526168310751279122e-02
-6.529529516544003986e-02
-6.532890722336728850e-02
-6.536251928129453714e-02
-6.539613133922178578e-02
-6.542974339714903442e-02
-6.546335545507628306e-02
-6.549696751300353170e-02
-6.553057957093078034e-02
-6.556419162885802898e-02
-6.559780368678527762e-02
-6.563141574471252626e-02
-6.566502780263977490e-02
-6.569863986056702354e-02
-6.573225191849427218e-02
-6.576586397642152082e-02
-6.579947603434876946e-02
-6.583308809227601810e-02
-6.586670015020326674e-02
-6.590031220813051538e-02
-6.593392426605776402e-02
-6.596753632398501266e-02
-6.600114838191226130e-02
-6.603476043983950994e-02
-6.606837249776675858e-02
-6.610198455569400722e-02
-6.613559661362125586e-02
-6.616920867154850450e-02
-6.620282072947575314e-02
-6.623643278740300178e-02
-6.627004484533025042e-02
-6.630365690325749906e-02
-6.633726896118474770e-02
-6.637088101911199634e-02
-6.640449307703924497e-02
-6.643810513496649361e-02
-6.647171719289374225e-02
-6.650532925082099089e-02
-6.653894130874823953e-02
-6.657255336667548817e-02
-6.660616542460273681e-02
-6.663977748252998545e-02
-6.667338954045723409e-02
-6.670700159838448273e-02
-6.674061365631173137e-02
-6.677422571423898001e-02
-6.680783777216622865e-02
-6.684144983009347729e-02
-6.687506188802072593e-02
-6.690867394594797457e-02
-6.694228600387522321e-02
-6.697589806180247185e-02
-6.700951011972972049e-02
-6.704312217765696913e-02
-6.707673423558421777e-02
-6.711034629351146641e-02
-6.714395835143871505e-02
-6.717757040936596369e-02
-6.721118246729321233e-02
-6.724479452522046097e-02
-6.727840658314770961e-02
-6.731201864107495825e-02
-6.734563069900220689e-02
-6.737924275692945553e-02
-6.741285481485670417e-02
-6.744646687278395281e-02
-6.748007893071120145e-02
-6.751369098863845009e-02
-6.754730304656569873e-02
-6.758091510449294737e-02
-6.761452716242019600e-02
-6.764813922034744464e-02
-6.768175127827469328e-02
-6.771536333620194192e-02
-6.774897539412919056e-02
-6.778258745205643920e-02
-6.781619950998368784e-02
-6.784981156791093648e-02
-6.788342362583818512e-02
-6.791703568376543376e-02
-6.795064774169268240e-02
-6.798425979961993104e-02
-6.801787185754717968e-02
-6.805148391547442832e-02
-6.808509597340167696e-02
-6.811870803132892560e-02
-6.815232008925617424e-02
-6.818593214718342288e-02
-6.821954420511067152e-02
-6.825315626303792016e-02
-6.828676832096516880e-02
-6.832038037889241744e-02
-6.835399243681966608e-02
-6.838760449474691472e-02
-6.842121655267416336e-02
-6.845482861060141200e-02
-6.848844066852866064e-02
-6.852205272645590928e-02
3.404514042254981609e-02
3.406455082260061856e-02
3.408396122265142103e-02
3.410337162270222350e-02
3.412278202275302597e-02
3.414219242280382843e-02
3.416160282285463090e-02
3.418101322290543337e-02
3.420042362295623584e-02
3.421983402300703830e-02
3.423924442305784077e-02
3.425865482310864324e-02
3.427806522315944571e-02
3.429747562321024817e-02
3.431688602326105064e-02
3.433629642331185311e-02
3.435570682336265558e-02
3.437511722341345805e-02
3.439452762346426051e-02
3.441393802351506298e-02
3.443334842356586545e-02
3.445275882361666792e-02
3.447216922366747038e-02
3.449157962371827285e-02
3.451099002376907532e-02
3.453040042381987779e-02
3.454981082387068025e-02
3.456922122392148272e-02
3.458863162397228519e-02
3.460804202402308766e-02
3.462745242407389012e-02
3.464686282412469259e-02
3.466627322417549506e-02
3.468568362422629753e-02
3.470509402427710000e-02
3.472450442432790246e-02
3.474391482437870493e-02
3.476332522442950740e-02
3.478273562448030987e-02
3.480214602453111233e-02
3.482155642458191480e-02
3.484096682463271727e-02
3.486037722468351974e-02
3.487978762473432220e-02
3.489919802478512467e-02
3.491860842483592714e-02
3.493801882488672961e-02
3.495742922493753208e-02
3.497683962498833454e-02
3.499625002503913701e-02
3.501566042508993948e-02
3.503507082514074195e-02
3.505448122519154441e-02
3.507389162524234688e-02
3.509330202529314935e-02
3.511271242534395182e-02
3.513212282539475428e-02
3.515153322544555675e-02
3.517094362549635922e-02
3.519035402554716169e-02
3.520976442559796415e-02
3.522917482564876662e-02
3.524858522569956909e-02
3.526799562575037156e-02
3.528740602580117403e-02
3.530681642585197649e-02
3.532622682590277896e-02
3.534563722595358143e-02
3.536504762600438390e-02
3.538445802605518636e-02
3.540386842610598883e-02
3.542327882615679130e-02
3.544268922620759377e-02
3.546209962625839623e-02
3.548151002630919870e-02
3.550092042636000117e-02
3.552033082641080364e-02
3.553974122646160611e-02
3.555915162651240857e-02
3.557856202656321104e-02
3.559797242661401351e-02
3.561738282666481598e-02
3.563679322671561844e-02
3.565620362676642091e-02
3.567561402681722338e-02
3.569502442686802585e-02
3.571443482691882831e-02
3.573384522696963078e-02
3.575325562702043325e-02
3.577266602707123572e-02
3.579207642712203818e-02
3.581148682717284065e-02
3.583089722722364312e-02
3.585030762727444559e-02
3.586971802732524806e-02
3.588912842737605052e-02
3.590853882742685299e-02
3.592794922747765546e-02
3.594735962752845793e-02
3.596677002757926039e-02
-6.699263834335831280e-01
-6.698439363500008348e-01
-6.697614892664185415e-01
-6.696790421828362483e-01
-6.695965950992539550e-01
-6.695141480156716618e-01
-6.694317009320893685e-01
-6.693492538485070753e-01
-6.692668067649247821e-01
-6.691843596813424888e-01
-6.691019125977601956e-01
-6.690194655141779023e-01
-6.689370184305956091e-01
-6.688545713470133158e-01
-6.687721242634310226e-01
-6.686896771798487293e-01
-6.686072300962664361e-01
-6.685247830126841428e-01
-6.684423359291018496e-01
-6.683598888455195564e-01
-6.682774417619372631e-01
-6.681949946783549699e-01
-6.681125475947726766e-01
-6.680301005111903834e-01
-6.679476534276080901e-01
-6.678652063440257969e-01
-6.677827592604435036e-01
-6.677003121768612104e-01
-6.676178650932789171e-01
-6.675354180096966239e-01
-6.674529709261143307e-01
-6.673705238425320374e-01
-6.672880767589497442e-01
-6.672056296753674509e-01
-6.671231825917851577e-01
-6.670407355082028644e-01
-6.669582884246205712e-01
-6.668758413410382779e-01
-6.667933942574559847e-01
-6.667109471738736914e-01
-6.666285000902913982e-01
-6.665460530067091049e-01
-6.664636059231268117e-01
-6.663811588395445185e-01
-6.662987117559622252e-01
-6.662162646723799320e-01
-6.661338175887976387e-01
-6.660513705052153455e-01
-6.659689234216330522e-01
-6.658864763380507590e-01
-6.658040292544684657e-01
-6.657215821708861725e-01
-6.656391350873038792e-01
-6.655566880037215860e-01
-6.654742409201392928e-01
-6.653917938365569995e-01
-6.653093467529747063e-01
-6.652268996693924130e-01
-6.651444525858101198e-01
-6.650620055022278265e-01
-6.649795584186455333e-01
-6.648971113350632400e-01
-6.648146642514809468e-01
-6.647322171678986535e-01
-6.646497700843163603e-01
-6.645673230007340671e-01
-6.644848759171517738e-01
-6.644024288335694806e-01
-6.643199817499871873e-01
-6.642375346664048941e-01
-6.641550875828226008e-01
-6.640726404992403076e-01
-6.639901934156580143e-01
-6.639077463320757211e-01
-6.638252992484934278e-01
-6.637428521649111346e-01
-6.636604050813288413e-01
-6.635779579977465481e-01
-6.634955109141642549e-01
-6.634130638305819616e-01
-6.633306167469996684e-01
-6.632481696634173751e-01
-6.631657225798350819e-01
-6.630832754962527886e-01
-6.630008284126704954e-01
-6.629183813290882021e-01
-6.628359342455059089e-01
-6.627534871619236156e-01
-6.626710400783413224e-01
-6.625885929947590292e-01
-6.625061459111767359e-01
-6.624236988275944427e-01
-6.623412517440121494e-01
-6.622588046604298562e-01
-6.621763575768475629e-01
-6.620939104932652697e-01
-6.620114634096829764e-01
-6.619290163261006832e-01
-6.618465692425183899e-01
-6.617641221589360967e-01
2.030694388529070138e-01
2.029673716632330871e-01
2.028653044735591604e-01
2.027632372838852337e-01
2.026611700942113070e-01
2.025591029045373803e-01
2.024570357148634536e-01
2.023549685251895269e-01
2.022529013355156002e-01
2.021508341458416735e-01
2.020487669561677468e-01
2.019466997664938201e-01
2.018446325768198935e-01
2.017425653871459668e-01
2.016404981974720401e-01
2.015384310077981134e-01
2.014363638181241867e-01
2.013342966284502600e-01
2.012322294387763333e-01
2.011301622491024066e-01
2.010280950594284799e-01
2.009260278697545532e-01
2.008239606800806265e-01
2.007218934904066998e-01
2.006198263007327731e-01
2.005177591110588464e-01
2.004156919213849197e-01
2.003136247317109930e-01
2.002115575420370663e-01
2.001094903523631396e-01
2.000074231626892129e-01
1.999053559730152863e-01
1.998032887833413596e-01
1.997012215936674329e-01
1.995991544039935062e-01
1.994970872143195795e-01
1.993950200246456528e-01
1.992929528349717261e-01
1.991908856452977994e-01
1.990888184556238727e-01
1.989867512659499460e-01
1.988846840762760193e-01
1.987826168866020926e-01
1.986805496969281659e-01
1.985784825072542392e-01
1.984764153175803125e-01
1.983743481279063858e-01
1.982722809382324591e-01
1.981702137485585324e-01
1.980681465588846057e-01
1.979660793692106791e-01
1.978640121795367524e-01
1.977619449898628257e-01
1.976598778001888990e-01
1.975578106105149723e-01
1.974557434208410456e-01
1.973536762311671189e-01
1.972516090414931922e-01
1.971495418518192655e-01
1.970474746621453388e-01
1.969454074724714121e-01
1.968433402827974854e-01
1.967412730931235587e-01
1.966392059034496320e-01
1.965371387137757053e-01
1.964350715241017786e-01
1.963330043344278519e-01
1.962309371447539252e-01
1.961288699550799985e-01
1.960268027654060718e-01
1.959247355757321452e-01
1.958226683860582185e-01
1.957206011963842918e-01
1.956185340067103651e-01
1.955164668170364384e-01
1.954143996273625117e-01
1.953123324376885850e-01
1.952102652480146583e-01
1.951081980583407316e-01
1.950061308686668049e-01
1.949040636789928782e-01
1.948019964893189515e-01
1.946999292996450248e-01
1.945978621099710981e-01
1.944957949202971714e-01
1.943937277306232447e-01
1.942916605409493180e-01
1.941895933512753913e-01
1.940875261616014646e-01
1.939854589719275380e-01
1.938833917822536113e-01
1.937813245925796846e-01
1.936792574029057579e-01
1.935771902132318312e-01
1.934751230235579045e-01
1.933730558338839778e-01
1.932709886442100511e-01
1.931689214545361244e-01
1.930668542648621977e-01
1.929647870751882710e-01
